BEIJING 1               
1 28890U 05043A   19088.53131204  .00000024  00000-0  14117-4 0  9998
2 28890  97.9651 227.0057 0013831 263.1280  96.8348 14.61251552715392
HJ-1A                   
1 33320U 08041A   19088.51228094 -.00000052  00000-0 -20488-6 0  9998
2 33320  97.8482 149.1746 0027193  83.0991 277.3314 14.77000782568771
HJ-1B                   
1 33321U 08041B   19088.47920581  .00000083  00000-0  18818-4 0  9998
2 33321  97.8547 150.9294 0036126 100.9738 259.5545 14.77110635568762
YAOGAN 4                
1 33446U 08061A   19088.56969023  .00000091  00000-0  19783-4 0  9993
2 33446  97.6656  59.7085 0015968 353.1075   6.9914 14.76936960556015
DEIMOS-1                
1 35681U 09041A   19088.51187778 -.00000011  00000-0  58778-5 0  9990
2 35681  97.8741 333.0503 0002867  68.7186 291.4381 14.71776695518798
UK-DMC 2                
1 35683U 09041C   19088.53334471  .00000116  00000-0  26290-4 0  9996
2 35683  97.7483 309.1335 0002062  87.2957 272.8495 14.71070353518616
RISAT 1                 
1 38248U 12017A   19088.58116198  .00000420  00000-0  29923-4 0  9996
2 38248  97.5728  98.2214 0003830 357.4898   2.6311 15.09758444381337
DMC3-FM1                
1 40715U 15032A   19088.49938293 -.00000001  00000-0  75199-5 0  9999
2 40715  97.9788 345.7452 0014597 210.3264 149.7100 14.73689355199979
DMC3-FM2                
1 40716U 15032B   19088.52184830  .00000002  00000-0  79587-5 0  9999
2 40716  97.9807 345.9959 0011868 219.6510 140.3821 14.73699553199989
DMC3-FM3                
1 40717U 15032C   19088.47689939 -.00000009  00000-0  63512-5 0  9993
2 40717  97.9803 346.6418 0015628 212.2487 147.7760 14.73688735199976
