PROBA-1                 
1 26958U 01049B   19088.48436081 -.00000015  00000-0  41678-5 0  9992
2 26958  97.6582  46.6022 0072032 312.1990  47.3129 14.95353209948691
BIRD 2                  
1 26959U 01049C   19088.57384913  .00001331  00000-0  39782-4 0  9992
2 26959  97.8648  86.1748 0007091 231.6852 128.3753 15.36600946272373
CUTE-1 (CO-55)          
1 27844U 03031E   19088.60443319  .00000048  00000-0  41191-4 0  9990
2 27844  98.6867  98.0212 0008651 265.2318  94.7872 14.22166947816723
CUBESAT XI-IV (CO-57)   
1 27848U 03031J   19088.57352911  .00000031  00000-0  34138-4 0  9992
2 27848  98.6947  98.4722 0008540 277.8785  82.1423 14.21763578816589
GENESIS 1               
1 29252U 06029A   19088.57325193  .00000342  00000-0  26812-4 0  9990
2 29252  64.5028 319.7277 0053086 251.7935 107.7405 15.17625904700424
FALCONSAT-3             
1 30776U 07006E   19087.46717981  .00002668  00000-0  76200-4 0  9995
2 30776  35.4345 255.3057 0001784  77.7917 282.3009 15.35800964668032
GENESIS 2               
1 31789U 07028A   19088.21539006  .00000360  00000-0  28336-4 0  9992
2 31789  64.5048   1.3333 0045389 297.8248  61.8278 15.16856813647484
APRIZESAT 4             
1 35684U 09041D   19088.46998362  .00000039  00000-0  12850-4 0  9995
2 35684  98.2164  50.9459 0047556 163.6921 196.5833 14.79192529521209
APRIZESAT 3             
1 35686U 09041F   19088.56645630  .00000057  00000-0  12844-4 0  9998
2 35686  98.2445 125.0254 0074160  60.5021 300.3564 14.87285498523808
PROBA-2                 
1 36037U 09059B   19088.48020379  .00000002  00000-0  11336-4 0  9991
2 36037  98.2358 281.0030 0014349 130.2654 229.9799 14.53065387498473
APRIZESAT 5             
1 37792U 11044E   19088.56483054  .00000066  00000-0  17912-4 0  9995
2 37792  98.4116 264.5436 0059084 142.3067 218.2303 14.75303722409756
APRIZESAT 6             
1 37793U 11044F   19088.60775387  .00000087  00000-0  22294-4 0  9996
2 37793  98.3769 243.1973 0047205 172.3110 251.1991 14.72373913408825
TET-1                   
1 38710U 12039D   19088.56358235  .00002940  00000-0  55956-4 0  9996
2 38710  97.6183  85.7513 0002539  54.4846 305.6641 15.49125715374812
STSAT-2C                
1 39068U 13003A   19088.55368084  .00068755  54820-6  30112-3 0  9994
2 39068  80.1788 320.5888 0175001  60.8199 301.0432 15.65079034332529
PROBA-V                 
1 39159U 13021A   19088.42823279 -.00000040  00000-0  12062-5 0  9998
2 39159  98.5191 156.6223 0003144 289.2008  70.8831 14.22970693306074
STPSAT-3                
1 39380U 13064A   19088.40522320  .00001651  00000-0  51100-4 0  9995
2 39380  40.5001 222.9441 0004630 268.9137  91.1147 15.36751336298123
APRIZESAT 7             
1 39416U 13066A   19088.58886049  .00000067  00000-0  14154-4 0  9995
2 39416  97.5530 117.0064 0039670 273.2362  86.4315 14.83870895289642
APRIZESAT 8             
1 39425U 13066K   19088.56867668  .00000043  00000-0  12013-4 0  9995
2 39425  97.5610 108.3675 0050546 296.4937  63.1097 14.81097607288897
BUGSAT-1 (TITA)         
1 40014U 14033E   19088.46873947  .00000525  00000-0  52982-4 0  9996
2 40014  98.0075  34.2365 0031219 332.4830  27.4728 14.95225263260368
SAUDISAT 4              
1 40016U 14033G   19088.59184059  .00000018  00000-0  99841-5 0  9994
2 40016  97.7757 324.2357 0048156 350.4422   9.5866 14.75229937257024
APRIZESAT 9             
1 40018U 14033J   19088.60819622 -.00000004  00000-0  73995-5 0  9997
2 40018  97.7545 307.1722 0072182  28.8507 331.6661 14.69919123255906
APRIZESAT 10            
1 40019U 14033K   19088.52438346  .00000020  00000-0  11567-4 0  9992
2 40019  97.7535 298.3504 0085442  51.7649 309.1207 14.66981680255562
TDS 1                   
1 40076U 14037H   19088.42842822 -.00000148  00000-0 -10551-4 0  9991
2 40076  98.4029 238.1211 0005984 259.7017 100.3573 14.84181805255300
TIANTUO 2               
1 40144U 14053B   19088.52180765  .00000592  00000-0  20136-4 0  9998
2 40144  97.2747 173.3502 0013058 102.9383 314.8598 15.34250023254672
TECHNOSAT               
1 42829U 17042E   19088.60683345  .00000101  00000-0  15627-4 0  9997
2 42829  97.5734 344.8166 0013607 335.9575  24.1007 14.90939667 92850
FLYING LAPTOP           
1 42831U 17042G   19088.59480005  .00000207  00000-0  26358-4 0  9996
2 42831  97.5741 344.8619 0013553 336.4587  23.6010 14.90969752 92859
HAWK-A                  
1 43765U 18099H   19088.53686271  .00000340  00000-0  35503-4 0  9993
2 43765  97.7485 161.6073 0013811 243.7265 116.2537 14.95944319 17309
HAWK-B                  
1 43794U 18099AN  19088.40347334  .00000345  00000-0  36003-4 0  9996
2 43794  97.7484 161.4754 0013895 244.3752 115.6034 14.95943909 17279
HAWK-C                  
1 43799U 18099AT  19088.20260060  .00000342  00000-0  35695-4 0  9992
2 43799  97.7484 161.1934 0013790 244.6108 115.3686 14.95940863 17257
