FLTSATCOM 7 (USA 20)    
1 17181U 86096A   19088.79715278  .00000015  00000-0  00000+0 0  9994
2 17181  14.5946 359.8657 0034697 283.3056 254.9993  0.98666019125833
TDRS 3                  
1 19548U 88091B   19088.35268389 -.00000309  00000-0  00000-0 0  9996
2 19548  14.3639   1.5257 0036732 321.8516 301.2140  1.00274010 98960
FLTSATCOM 8 (USA 46)    
1 20253U 89077A   19088.19585296 -.00000155  00000-0  00000+0 0  9995
2 20253  13.0612   9.1438 0006669 334.8336 257.2801  1.00270809234167
SKYNET 4C               
1 20776U 90079A   19087.04779771  .00000114  00000-0  00000-0 0  9990
2 20776  13.9812   9.8686 0003343   1.1725 224.7639  1.00273296104462
TDRS 5                  
1 21639U 91054B   19088.39063023  .00000075  00000-0  00000-0 0  9994
2 21639  14.6628  14.8038 0025150 348.6126 155.9764  1.00271973101275
TDRS 6                  
1 22314U 93003B   19088.21368870 -.00000303  00000-0  00000-0 0  9995
2 22314  14.2563  17.8647 0006654 347.6891 211.8515  1.00269606 96005
UFO 2 (USA 95)          
1 22787U 93056A   19088.06255366  .00000116  00000-0  00000+0 0  9995
2 22787  11.1286  18.2901 0004005 357.8206 221.4034  1.00270738 92216
USA 99 (MILSTAR-1 1)    
1 22988U 94009A   19088.25882900 -.00000274  00000-0  00000-0 0  9995
2 22988  13.3924  56.2891 0002177 342.9622 201.4780  1.00274868  6520
ASTRA 1D                
1 23331U 94070A   19088.44747347 -.00000279  00000-0  00000-0 0  9997
2 23331   8.4961  44.9034 0004033 325.7624 263.9851  1.00273049 89844
USA 107 (DSP 17)        
1 23435U 94084A   19088.31626404 -.00000312  00000-0  00000+0 0  9990
2 23435  14.4597  16.0338 0001796  45.2780 187.4452  1.00251739  5250
UFO 4 (USA 108)         
1 23467U 95003A   19088.62063473 -.00000034  00000-0  00000-0 0  9994
2 23467   9.9418  23.3341 0004096 354.6816 204.2962  1.00271788 88536
AMSC 1                  
1 23553U 95019A   19088.40535387 -.00000107  00000-0  00000-0 0  9992
2 23553  10.8207  34.5002 0009824 351.2228 200.1993  1.00272138 87731
TDRS 7                  
1 23613U 95035B   19088.63245608 -.00000210  00000-0  00000-0 0  9991
2 23613  14.3810   8.5534 0036870  29.7365 100.8638  1.00274454 86811
USA 113                 
1 23628U 95038A   19088.63506885 -.00000347  00000-0  00000-0 0  9998
2 23628  11.0172  33.4053 0001461 331.5913 154.0280  1.00267424  6530
USA 115 (MILSTAR-1 2)   
1 23712U 95060A   19088.40610609 -.00000209  00000-0  00000+0 0  9998
2 23712  12.9651  23.7247 0002883 347.8671 231.0965  1.00271647  5204
INMARSAT 3-F1           
1 23839U 96020A   19088.56396503 -.00000009  00000-0  00000-0 0  9995
2 23839   5.2144  64.4909 0006127 306.2282  83.4721  1.00270269 83883
ASTRA 1F                
1 23842U 96021A   19088.55995219  .00000121  00000-0  00000-0 0  9992
2 23842   0.0240  39.6676 0004480 330.1976  62.6391  1.00273590 25897
MSAT M1                 
1 23846U 96022A   19088.46170734 -.00000098  00000-0  00000-0 0  9998
2 23846   8.6799  44.3131 0007280 333.6056 227.3491  1.00272241 83977
INMARSAT 3-F2           
1 24307U 96053A   19088.47836535 -.00000270  00000-0  00000+0 0  9995
2 24307   3.9602  74.3943 0007534 293.9666 283.7022  0.99988566 82585
AMC-1 (GE-1)            
1 24315U 96054A   19088.63792689  .00000050  00000-0  00000-0 0  9990
2 24315   2.9495  81.5753 0003164 307.1086 256.8009  1.00273437 19887
INMARSAT 3-F3           
1 24674U 96070A   19088.58413552  .00000020  00000-0  00000-0 0  9996
2 24674   4.7094  68.5889 0005673 303.4672 202.9989  1.00273026 81536
AMC-2 (GE-2)            
1 24713U 97002A   19088.62052115 -.00000226  00000-0  00000-0 0  9994
2 24713   5.5366  62.6586 0005479 313.2611 309.3363  1.00273022 81147
INTELSAT 26 (IS-26)     
1 24732U 97007A   19088.49165373  .00000006  00000-0  00000+0 0  9990
2 24732   8.4146  45.6743 0005433 347.7552  32.3306  1.00272959 80842
USA 130 (DSP 18)        
1 24737U 97008A   19088.18664420  .00000017  00000-0  00000-0 0  9992
2 24737  13.3229  23.6871 0000317   6.8798 230.5457  1.00270041  6480
GALAXY 25 (G-25)        
1 24812U 97026A   19088.46068498 -.00000180  00000-0  00000-0 0  9992
2 24812   0.8953  93.8232 0003488 279.9514 245.5302  1.00271334 79931
INTELSAT 5 (IS-5)       
1 24916U 97046A   19088.45178691  .00000076  00000-0  00000+0 0  9997
2 24916   4.8174  67.8961 0003939 308.6587 195.6371  1.00271893 79173
AMC-3 (GE-3)            
1 24936U 97050A   19088.47229035 -.00000277  00000-0  00000-0 0  9990
2 24936   1.7863  88.8795 0002973 298.4608 257.2516  1.00271806 25992
NSS-5                   
1 24957U 97053A   19088.56117348  .00000092  00000-0  00000-0 0  9993
2 24957   5.0920  66.0861 0004763 321.6105  51.4628  1.00271647 78740
USA 134                 
1 25019U 97065A   19088.52358559 -.00000072  00000-0  00000-0 0  9992
2 25019   9.6990  39.0823 0008236 290.8951 293.2458  1.00275836  6517
ASTRA 1G                
1 25071U 97076A   19088.55450904  .00000051  00000-0  00000-0 0  9998
2 25071   3.6658  75.6106 0003650 293.6202  74.2342  1.00271758 78129
INMARSAT 3-F5           
1 25153U 98006B   19088.46844898 -.00000304  00000-0  00000+0 0  9993
2 25153   3.8847  72.2362 0005167 307.2322 281.7591  1.00273046 77446
UFO 8 (USA 138)         
1 25258U 98016A   19088.62093976 -.00000036  00000-0  00000-0 0  9994
2 25258   8.2132  34.6449 0006531 329.8472 217.2736  1.00273516 77412
THOR III                
1 25358U 98035A   19088.55119997 -.00000058  00000-0  00000-0 0  9994
2 25358   6.5143  55.5467 0002759 320.9235   4.3130  1.00272955 76402
INTELSAT 805 (IS-805)   
1 25371U 98037A   19088.61942600 -.00000048  00000-0  00000-0 0  9992
2 25371   1.4302  91.1182 0003626 294.4965 193.1914  1.00272545 76117
ASTRA 2A                
1 25462U 98050A   19088.55396546 -.00000323  00000-0  00000-0 0  9999
2 25462   0.5929  98.7552 0002601 257.5255 129.7830  1.00275016 19936
JCSAT-4A                
1 25630U 99006A   19088.43739299 -.00000219  00000-0  00000+0 0  9994
2 25630   3.6452  76.6466 0003562 330.2594  87.1065  1.00271887 73567
SKYNET 4E               
1 25639U 99009B   19088.31228159 -.00000043  00000-0  00000-0 0  9997
2 25639  10.6165  23.8954 0003237 323.5340 310.2034  1.00274234 73570
ASIASAT 3S              
1 25657U 99013A   19086.42668332 -.00000255  00000-0  00000-0 0  9998
2 25657   3.8427  75.0434 0004269 295.8289 113.3261  1.00270862 73360
NIMIQ 1                 
1 25740U 99027A   19088.59928495 -.00000216  00000-0  00000-0 0  9992
2 25740   0.0667  93.4191 0003952 278.7846 303.7044  1.00271211 72619
ASTRA 1H                
1 25785U 99033A   19088.46091878 -.00000291  00000-0  00000-0 0  9993
2 25785   5.0747  66.2274 0003043 305.6429 273.5611  1.00271476 24973
ABS-7                   
1 25894U 99046A   19088.63665942 -.00000381  00000-0  00000-0 0  9996
2 25894   0.0695  98.9782 0002302 278.7033 154.3686  1.00271842 70690
ABS-6                   
1 25924U 99053A   19088.58280797 -.00000138  00000-0  00000-0 0  9993
2 25924   0.0205  91.5522 0002843 307.2126 156.7532  1.00271758 71449
TELSTAR 12 (ORION 2)    
1 25949U 99059A   19088.60597810 -.00000080  00000-0  00000-0 0  9992
2 25949   2.3027  87.3141 0003053 281.9063 286.4297  1.00272828 71094
AMC-4 (GE-4)            
1 25954U 99060A   19088.63105049  .00000070  00000-0  00000-0 0  9990
2 25954   0.0177 196.1181 0002652 187.2893 255.6074  1.00270243 17255
UFO 10 (USA 146)        
1 25967U 99063A   19088.69010156 -.00000194  00000-0  00000+0 0  9994
2 25967   7.3732  36.9590 0012590   0.4891  14.9798  1.00295174 70907
GALAXY 11 (G-11)        
1 26038U 99071A   19088.55631881  .00000102  00000-0  00000-0 0  9991
2 26038   0.1846 106.7911 0004573 296.0754  10.1927  1.00023449 70647
USA 148                 
1 26052U 00001A   19088.59123753  .00000029  00000-0  00000-0 0  9998
2 26052   7.7372  49.2103 0003131 333.5449 196.8915  1.00271505  6524
ASIASTAR                
1 26107U 00016A   19088.57199073 -.00000350  00000-0  00000-0 0  9999
2 26107   3.0411  79.6132 0004679 301.1960 116.7863  1.00270981 69499
USA 149 (DSP 20)        
1 26356U 00024A   19088.40088876  .00000091  00000-0  00000-0 0  9995
2 26356  11.1792  29.7374 0000473 275.0383 221.1141  1.00288042  6473
EUTELSAT 80A            
1 26369U 00028A   19088.56230706 -.00000060  00000-0  00000-0 0  9998
2 26369   2.3990  83.6391 0006006 288.2951  87.4568  1.00271806 69006
TDRS 8                  
1 26388U 00034A   19088.42526722 -.00000243  00000-0  00000+0 0  9999
2 26388   8.5394  50.7034 0016382 294.0796  83.8133  1.00279473 68737
INTELSAT 9 (IS-9)       
1 26451U 00043A   19088.56422674 -.00000023  00000-0  00000-0 0  9993
2 26451   4.8055  68.0986 0003621 314.0147  73.8035  1.00272394 17711
BRASILSAT B4            
1 26469U 00046A   19088.46094669 -.00000187  00000-0  00000-0 0  9994
2 26469   3.0171  81.2851 0003955 309.5136 229.7012  1.00271700 68527
ASTRA 2B                
1 26494U 00054A   19088.26771917  .00000101  00000-0  00000+0 0  9991
2 26494   3.5596  76.2594 0005198 296.8278 289.0422  1.00270473 67793
AMC-7 (GE-7)            
1 26495U 00054B   19088.45239756  .00000070  00000-0  00000-0 0  9999
2 26495   0.2897  95.0832 0002823 280.9445 198.3827  1.00272466 67793
NSS-11 (AAP-1)          
1 26554U 00059A   19088.58115623  .00000007  00000-0  00000+0 0  9999
2 26554   0.0146 130.6481 0002917 249.4014 191.8377  1.00272698 67735
USA 153                 
1 26575U 00065A   19088.42176736 -.00000337  00000-0  00000-0 0  9992
2 26575   7.1779  52.3594 0002149 324.7589  95.5517  1.00267802  6497
AMC-6 (GE-6)            
1 26580U 00067A   19088.46269140 -.00000234  00000-0  00000+0 0  9991
2 26580   0.0232  92.6134 0002489 276.1731 261.3418  1.00272478 67543
INTELSAT 12 (IS-12)     
1 26590U 00068A   19088.53105010 -.00000004  00000-0  00000-0 0  9992
2 26590   1.8991  88.6311 0002436 271.1424  82.2754  1.00271963 25278
INTELSAT 1R (IS-1R)     
1 26608U 00072A   19088.48660531 -.00000155  00000-0  00000-0 0  9992
2 26608   1.6993  89.2567 0000608 212.1804 217.4299  1.00273240 14885
ANIK F1                 
1 26624U 00076A   19088.56363733 -.00000092  00000-0  00000-0 0  9997
2 26624   0.0263 137.8451 0001334 291.8171 212.5891  1.00271211 16710
ASTRA 2D                
1 26638U 00081A   19088.26492762  .00000015  00000-0  00000+0 0  9993
2 26638   4.9093  66.9783 0002108 276.7011 303.2908  1.00269187 66940
AMC-8 (GE-8)            
1 26639U 00081B   19088.41646561  .00000086  00000-0  00000+0 0  9997
2 26639   0.0354  94.9115 0001991 222.7598 239.7671  1.00271764 66830
SKYNET 4F               
1 26695U 01005B   19088.19616817 -.00000262  00000-0  00000-0 0  9990
2 26695   9.5726  32.3333 0002733 343.3773 207.2202  1.00272227 66449
USA 157 (MILSTAR-2 2)   
1 26715U 01009A   19088.63888904 -.00000376  00000-0  00000-0 0  9990
2 26715   8.9208  32.7068 0002132 347.9133 147.1501  1.00273605  6519
EUTELSAT 33C            
1 26719U 01011A   19088.63172153  .00000060  00000-0  00000-0 0  9998
2 26719   0.9486  90.7390 0005125 285.6506 264.8869  1.00273621 66105
INTELSAT 10 (IS-10)     
1 26766U 01019A   19088.56056284  .00000108  00000-0  00000-0 0  9999
2 26766   2.9028  81.7773 0000639 334.7973  19.3912  1.00271617 19197
INTELSAT 901 (IS-901)   
1 26824U 01024A   19088.46870374 -.00000231  00000-0  00000-0 0  9991
2 26824   0.8766  93.6220 0003031 288.5528 303.6152  1.00272802 65247
ASTRA 2C                
1 26853U 01025A   19088.55579539  .00000120  00000-0  00000-0 0  9999
2 26853   1.8123  88.6075 0002824 285.0077  36.8257  1.00275439 18618
USA 159 (DSP 21)        
1 26880U 01033A   19088.25882900 -.00000306  00000-0  00000-0 0  9991
2 26880  10.3454  33.4110 0001269 342.6729 214.1977  1.00272781  6528
INTELSAT 902 (IS-902)   
1 26900U 01039A   19088.53105010  .00000014  00000-0  00000-0 0  9996
2 26900   0.0166 132.1453 0003095 250.6115  57.0418  1.00271852 64278
EUTELSAT 12 WEST B      
1 26927U 01042A   19088.51000758 -.00000119  00000-0  00000+0 0  9996
2 26927   0.0598  71.7551 0006740 306.6139 339.3278  1.00272662 64091
DIRECTV 4S              
1 26985U 01052A   19088.56783521 -.00000131  00000-0  00000-0 0  9997
2 26985   0.0183 182.0348 0002717 193.2606 274.5949  1.00272394 24873
USA 164 (MILSTAR-2 3)   
1 27168U 02001A   19088.24573370  .00000090  00000-0  00000-0 0  9993
2 27168   8.3241  33.8155 0001770 328.7662 291.2059  1.00269120  6519
ECHOSTAR 7              
1 27378U 02006A   19088.42202265 -.00000019  00000-0  00000-0 0  9995
2 27378   0.0142 128.5473 0002107 192.8446 258.2585  1.00271125 24178
INTELSAT 904 (IS-904)   
1 27380U 02007A   19088.48615788  .00000135  00000-0  00000-0 0  9991
2 27380   0.4253  98.2741 0001774 254.6339  43.2888  1.00173148 25328
TDRS 9                  
1 27389U 02011A   19088.42449858 -.00000300  00000-0  00000+0 0  9996
2 27389   6.5743  71.6888 0013081 268.1775 305.2805  1.00074277 63991
JCSAT 2A                
1 27399U 02015A   19088.54285410 -.00000324  00000-0  00000-0 0  9993
2 27399   1.8913  88.5344 0006158 205.7006 223.8483  1.00271854 62462
ASTRA 3A                
1 27400U 02015B   19088.39813684 -.00000297  00000-0  00000-0 0  9998
2 27400   5.0533  65.7022 0003303 301.3167 275.8291  1.00271303 62282
INTELSAT 903 (IS-903)   
1 27403U 02016A   19088.40119010 -.00000242  00000-0  00000-0 0  9996
2 27403   1.2612  92.1833 0002324 318.2237 249.0306  1.00271900 19232
NSS-7                   
1 27414U 02019A   19088.60433841 -.00000173  00000-0  00000-0 0  9997
2 27414   3.2626  79.4762 0002510 284.2388  20.5449  1.00271620 62121
DIRECTV 5 (TEMPO 1)     
1 27426U 02023A   19088.44525307 -.00000074  00000-0  00000-0 0  9996
2 27426   0.0211 255.7440 0003277 118.7211 222.2475  1.00272715 61897
INTELSAT 905 (IS-905)   
1 27438U 02027A   19088.48168998 -.00000202  00000-0  00000-0 0  9999
2 27438   0.2456 100.5238 0002648 269.8659 325.0960  1.00273317 24934
EXPRESS-A4              
1 27441U 02029A   19088.35180862 -.00000258  00000-0  00000+0 0  9995
2 27441   7.1274  52.6470 0010487  63.6856 342.4013  1.00275783 61534
GALAXY 3C (G-3C)        
1 27445U 02030A   19088.52168876 -.00000169  00000-0  00000-0 0  9993
2 27445   0.0213 276.2028 0001721  53.7408 309.4390  1.00271418 20065
EUTELSAT 5 WEST A       
1 27460U 02035A   19088.54027118 -.00000061  00000-0  00000-0 0  9991
2 27460   0.0088 336.6033 0005898  41.7106 357.8254  1.00271207 61180
N-STAR C                
1 27461U 02035B   19088.57532479 -.00000325  00000-0  00000-0 0  9999
2 27461   5.8226  61.3101 0004743 339.3440 129.1338  1.00276248 61296
METEOSAT-8 (MSG-1)      
1 27509U 02040B   19088.55934154  .00000125  00000-0  00000-0 0  9999
2 27509   5.9552  55.8878 0002730  15.6571 357.9479  1.00268941 60820
INTELSAT 906 (IS-906)   
1 27513U 02041A   19088.53105010 -.00000004  00000-0  00000-0 0  9991
2 27513   0.0174 211.5761 0002558 181.2304  49.1612  1.00271197 60584
HISPASAT 30W-4          
1 27528U 02044A   19088.38636513 -.00000235  00000-0  00000+0 0  9995
2 27528   0.0604  70.4519 0006091 302.7396 282.1489  1.00276918 60507
TDRS 10                 
1 27566U 02055A   19088.60005319  .00000078  00000-0  00000-0 0  9993
2 27566   6.1436  55.5867 0010851 278.3994 257.6419  1.00266422 59798
NSS-6                   
1 27603U 02057A   19088.64001269 -.00000288  00000-0  00000-0 0  9995
2 27603   0.0313 111.3231 0001627 221.4502 179.3533  1.00271728 59666
NIMIQ 2                 
1 27632U 02062A   19088.45475293  .00000007  00000-0  00000-0 0  9992
2 27632   3.3728  78.7435 0002658 330.8047 177.6263  1.00275174 17765
INTELSAT 907 (IS-907)   
1 27683U 03007A   19088.47707605 -.00000221  00000-0  00000-0 0  9994
2 27683   0.0187 208.3758 0002590 175.0662 307.3526  1.00270494 58994
USA 167                 
1 27691U 03008A   19088.63768664  .00000044  00000-0  00000-0 0  9996
2 27691   5.8218  61.1964 0004057 318.2499 266.7037  1.00273846  6514
USA 169 (MILSTAR-2 4)   
1 27711U 03012A   19088.58936948 -.00000018  00000-0  00000-0 0  9992
2 27711   8.4067  47.8025 0003450 344.9097 246.1126  1.00273323  6514
GALAXY 12 (G-12)        
1 27715U 03013B   19088.63888760  .00000041  00000-0  00000-0 0  9996
2 27715   0.4628  96.0704 0002045 293.0702 258.5825  1.00272217 25705
ASIASAT 4               
1 27718U 03014A   19088.48694299  .00000135  00000-0  00000+0 0  9998
2 27718   0.0292 127.9360 0000577  47.0514 225.1093  1.00276290 58482
HELLAS-SAT 2            
1 27811U 03020A   19088.52168876 -.00000168  00000-0  00000-0 0  9999
2 27811   0.8813  97.6218 0002646 237.2310 304.3713  1.00272148 16418
THURAYA-2               
1 27825U 03026A   19088.48807706  .00000115  00000-0  00000-0 0  9998
2 27825   5.4913  31.5374 0004942 329.5365  45.2056  1.00272319 57912
OPTUS C1                
1 27831U 03028B   19088.64147500 -.00000169  00000-0  00000-0 0  9994
2 27831   0.3857 101.9216 0006104 277.2261 194.1929  1.00270935 26622
ECHOSTAR 12 (RAINBOW 1) 
1 27852U 03033A   19088.48106552 -.00000217  00000-0  00000+0 0  9990
2 27852   0.0210 105.7050 0001245 273.1375 254.5173  1.00271198 57500
GALAXY 23 (G-23)        
1 27854U 03034A   19088.49520311 -.00000006  00000-0  00000+0 0  9993
2 27854   0.0230 239.9268 0002889 126.0825 237.8683  1.00273879 62106
USA 170                 
1 27875U 03040A   19088.39900920 -.00000286  00000-0  00000-0 0  9991
2 27875   5.0073  66.7169 0002532 327.5063 253.5632  1.00273190  6521
GALAXY 13 (HORIZONS 1)  
1 27954U 03044A   19088.52390378  .00000030  00000-0  00000-0 0  9994
2 27954   0.0264 131.1049 0001720 245.3979 231.7184  1.00272645 20149
YAMAL 202               
1 28089U 03053A   19088.56082454  .00000101  00000-0  00000-0 0  9990
2 28089   0.0512 102.8062 0003546 231.1658 103.5590  1.00274859 56246
UFO 11 (USA 174)        
1 28117U 03057A   19088.42256289 -.00000117  00000-0  00000+0 0  9997
2 28117   5.6039  36.6795 0007134 306.0748  71.5508  1.00271713 55988
USA 176 (DSP 22)        
1 28158U 04004A   19088.56413279 -.00000229  00000-0  00000-0 0  9999
2 28158   8.5993  41.7713 0001337  21.2204  54.1555  1.00272099  6492
ABS-4 (MOBISAT-1)       
1 28184U 04007A   19088.53105010  .00000022  00000-0  00000-0 0  9999
2 28184   0.0194 231.5753 0001889 131.8512  75.4028  1.00270888 25896
EUTELSAT 7A             
1 28187U 04008A   19088.33707171  .00000029  00000-0  00000+0 0  9993
2 28187   0.0769  34.8981 0003011 343.9598 295.9110  1.00271137 55132
DIRECTV 7S              
1 28238U 04016A   19088.45758942 -.00000017  00000-0  00000+0 0  9992
2 28238   0.0335 282.2856 0003049  98.2883 211.6345  1.00272141 54619
AMC-11 (GE-11)          
1 28252U 04017A   19088.63856854  .00000051  00000-0  00000-0 0  9998
2 28252   0.0351  56.1585 0002832 330.0908 259.3663  1.00274002 54489
INTELSAT 10-02          
1 28358U 04022A   19088.44632897 -.00000029  00000-0  00000-0 0  9995
2 28358   0.0222 252.2942 0003021 136.4368 317.4955  1.00272607 54218
APSTAR 5 (TELSTAR 18)   
1 28364U 04024A   19088.53729956 -.00000312  00000-0  00000-0 0  9992
2 28364   0.3871  98.3409 0001951 314.8370 104.8977  1.00272378 54183
ANIK F2                 
1 28378U 04027A   19088.52200841 -.00000068  00000-0  00000-0 0  9994
2 28378   0.0176 171.0920 0000597 317.9047 134.4714  1.00271798 14853
AMC-15                  
1 28446U 04041A   19088.56516285 -.00000107  00000-0  00000+0 0  9995
2 28446   0.0392  30.2962 0002434 339.9525 274.8045  1.00270665 52937
AMC-16                  
1 28472U 04048A   19088.61592733 -.00000224  00000-0  00000-0 0  9990
2 28472   0.0231  84.6456 0002517 273.6093 325.2015  1.00272176 52291
NSS-10 (AMC-12)         
1 28526U 05003A   19088.47176395 -.00000269  00000-0  00000+0 0  9996
2 28526   0.0356  96.2614 0002754 275.3827 307.2995  1.00271159 51871
XTAR-EUR                
1 28542U 05005A   19088.40139224  .00000133  00000-0  00000-0 0  9999
2 28542   0.0257 108.9495 0003152 266.5226 344.5204  1.00273486 51743
XM-3 (RHYTHM)           
1 28626U 05008A   19088.46234247 -.00000224  00000-0  00000+0 0  9993
2 28626   0.0419  11.0870 0000193  74.0714 182.7253  1.00270286 51621
INMARSAT 4-F1           
1 28628U 05009A   19088.57966748 -.00000277  00000-0  00000-0 0  9995
2 28628   2.9731  21.4182 0003454   8.1353 149.2872  1.00271774 51237
APSTAR 6                
1 28638U 05012A   19088.59047734 -.00000337  00000-0  00000-0 0  9994
2 28638   0.6562  95.7950 0002326 280.3673 156.9154  1.00268579 75972
SPACEWAY 1              
1 28644U 05015A   19088.45727841  .00000086  00000-0  00000-0 0  9993
2 28644   0.1182  97.6857 0000384 320.1327 154.4404  1.00274753 20152
DIRECTV 8               
1 28659U 05019A   19088.56783291 -.00000134  00000-0  00000-0 0  9991
2 28659   0.0190 208.5467 0002998 169.6434 272.1213  1.00272114 50703
GALAXY 28 (G-28)        
1 28702U 05022A   19088.46687087 -.00000203  00000-0  00000-0 0  9996
2 28702   0.0165 132.0136 0001816 313.6311 179.9909  1.00272575 25676
EXPRESS-AM3             
1 28707U 05023A   19088.58149921 -.00000340  00000-0  00000-0 0  9997
2 28707   0.8122  93.5968 0001074 187.6795 217.7463  1.00273196 50402
THAICOM 4               
1 28786U 05028A   19088.54840840 -.00000381  00000-0  00000-0 0  9998
2 28786   0.0107 126.4838 0002198 250.8802 126.2154  1.00272450 25838
GALAXY 14 (G-14)        
1 28790U 05030A   19088.58775370  .00000019  00000-0  00000-0 0  9992
2 28790   0.0134 113.8477 0002586 264.6359 254.7767  1.00272094 49874
ANIK F1R                
1 28868U 05036A   19088.56363384 -.00000092  00000-0  00000-0 0  9992
2 28868   0.0255  69.8532 0002990 307.1618 265.2464  1.00272239 20024
GALAXY 15 (G-15)        
1 28884U 05041A   19088.63183564  .00000061  00000-0  00000-0 0  9999
2 28884   0.0213 130.1362 0001775 236.6975 274.3504  1.00271410 49310
SYRACUSE 3A             
1 28885U 05041B   19088.56047560  .00000110  00000-0  00000-0 0  9992
2 28885   0.0154 136.5585 0003333 249.7684  49.0762  1.00272873 49302
INMARSAT 4-F2           
1 28899U 05044A   19088.56379056 -.00000006  00000-0  00000-0 0  9993
2 28899   2.8041  24.3267 0003468  12.8996  56.2949  1.00272768 49082
TELKOM 2                
1 28902U 05046A   19088.48660531 -.00000156  00000-0  00000-0 0  9998
2 28902   0.0075 185.5249 0000434 173.7106 159.5550  1.00272163 49000
SPACEWAY 2              
1 28903U 05046B   19088.64200219 -.00000145  00000-0  00000-0 0  9998
2 28903   0.0329  39.1950 0000233 110.2117 169.3813  1.00271644 24895
INSAT-4A                
1 28911U 05049A   19088.56428326 -.00000184  00000-0  00000-0 0  9995
2 28911   0.0873 275.1058 0004388  51.9018 145.8454  1.00271718 19251
METEOSAT-9 (MSG-2)      
1 28912U 05049B   19088.33637382  .00000002  00000-0  00000-0 0  9993
2 28912   3.4998  71.3842 0001565 355.4929 243.9341  1.00275144 48592
EUTELSAT 174A           
1 28924U 05052A   19088.58025240 -.00000009  00000-0  00000-0 0  9999
2 28924   0.0662  14.4711 0005981   1.7622 193.3134  1.00273111 25906
ECHOSTAR 10             
1 28935U 06003A   19088.44525348 -.00000073  00000-0  00000-0 0  9998
2 28935   0.0144 133.9511 0001295 231.5535 231.1214  1.00272074 48045
HIMAWARI-7 (MTSAT-2)    
1 28937U 06004A   19088.58001642 -.00000261  00000-0  00000-0 0  9991
2 28937   0.0166 113.3505 0003614 256.7983 170.3387  1.00272959 48046
SPAINSAT                
1 28945U 06007A   19087.56748070 -.00000235  00000-0  00000-0 0  9994
2 28945   0.0266 223.5987 0003161 136.7185 359.6651  1.00272093 47776
EUTELSAT HOT BIRD 13E   
1 28946U 06007B   19088.34493594  .00000068  00000-0  00000-0 0  9993
2 28946   0.0716 248.3552 0002149 160.9533 274.2956  1.00270676 47866
JCSAT-5A                
1 29045U 06010A   19088.54285410 -.00000346  00000-0  00000-0 0  9996
2 29045   0.0244 128.4674 0001852 241.9635 143.6616  1.00274013 47321
ASTRA 1KR               
1 29055U 06012A   19088.33938139  .00000101  00000-0  00000+0 0  9996
2 29055   0.0597 267.5359 0002001  48.6147  11.6326  1.00272016 47306
GOES 13                 
1 29155U 06018A   19088.44173465 -.00000303  00000-0  00000+0 0  9993
2 29155   0.3869 283.3720 0012458 139.3148 223.0427  1.00270872 47079
EUTELSAT 113 WEST A     
1 29162U 06020A   19088.56055536 -.00000055  00000-0  00000-0 0  9990
2 29162   0.0177 107.2975 0003136 266.8515 261.3085  1.00272349 47031
THAICOM 5               
1 29163U 06020B   19088.52531921 -.00000140  00000-0  00000-0 0  9999
2 29163   0.0109 171.1902 0004601 177.3068 105.7105  1.00273311 47050
GALAXY 16 (G-16)        
1 29236U 06023A   19088.64200198 -.00000145  00000-0  00000-0 0  9990
2 29236   0.0150 219.2338 0002555 150.6634 308.9429  1.00272352 46782
EUTELSAT HOT BIRD 13B   
1 29270U 06032A   19088.33829302  .00000068  00000-0  00000+0 0  9990
2 29270   0.1000 322.4001 0004822  39.9369 318.8756  1.00270611 46411
JCSAT-3A                
1 29272U 06033A   19088.54285410 -.00000363  00000-0  00000-0 0  9992
2 29272   0.0210 245.1523 0002138 131.4692 133.4378  1.00273886 21309
SYRACUSE 3B             
1 29273U 06033B   19088.54321993 -.00000062  00000-0  00000-0 0  9996
2 29273   0.0057 173.3877 0004846 211.0910 352.5108  1.00272085 46266
KOREASAT 5 (MUGUNGWHA 5)
1 29349U 06034A   19088.61899387 -.00000377  00000-0  00000-0 0  9995
2 29349   0.0167 158.3386 0001709 276.6323  87.6331  1.00273933 14880
DIRECTV 9S              
1 29494U 06043A   19088.56783367 -.00000132  00000-0  00000+0 0  9998
2 29494   0.0137 180.7242 0002955 193.6039 275.6560  1.00272402 45667
OPTUS D1                
1 29495U 06043B   19088.58298244 -.00000129  00000-0  00000-0 0  9993
2 29495   0.0279 104.1661 0003578 274.3247 178.0602  1.00272635 45683
XM-4 (BLUES)            
1 29520U 06049A   19088.55892854 -.00000041  00000-0  00000-0 0  9995
2 29520   0.0063  55.3101 0000583  47.7742 169.4862  1.00271315 25048
BADR-4                  
1 29526U 06051A   19088.55623156  .00000126  00000-0  00000-0 0  9994
2 29526   0.0503 354.7754 0005151   1.7130  56.3802  1.00273054 24847
WILDBLUE-1              
1 29643U 06054A   19088.52200841 -.00000067  00000-0  00000-0 0  9991
2 29643   0.0159 153.8001 0001773 221.2218 248.3377  1.00272441 27368
AMC-18                  
1 29644U 06054B   19088.41646561  .00000086  00000-0  00000+0 0  9992
2 29644   0.0203 175.0541 0002251 241.8848 140.4888  1.00270956 45114
MEASAT-3                
1 29648U 06056A   19088.49749854 -.00000260  00000-0  00000-0 0  9991
2 29648   0.0465 128.7069 0002344 305.3020  23.1935  1.00272319 24021
INSAT-4B                
1 30793U 07007A   19088.50151139 -.00000373  00000-0  00000+0 0  9990
2 30793   0.0096 174.5885 0003571 204.1099  99.7408  1.00271267 44122
SKYNET 5A               
1 30794U 07007B   19088.64001192 -.00000290  00000-0  00000-0 0  9998
2 30794   0.0681  16.1116 0003444 357.1459 139.0651  1.00271672 44262
ANIK F3                 
1 31102U 07009A   19088.42202265 -.00000019  00000-0  00000+0 0  9992
2 31102   0.0117 241.3777 0002252 130.5797 207.7924  1.00269969 43899
ASTRA 1L                
1 31306U 07016A   19088.33938139  .00000101  00000-0  00000-0 0  9994
2 31306   0.0710 299.4452 0004126  36.2824 352.0605  1.00271727 18609
GALAXY 17 (G-17)        
1 31307U 07016B   19088.45873623 -.00000193  00000-0  00000-0 0  9996
2 31307   0.0255 113.3960 0003439 270.3427 236.9570  1.00273568 43512
ZHONGXING-6B            
1 31800U 07031A   19088.63665944 -.00000380  00000-0  00000-0 0  9994
2 31800   0.0165 247.1924 0003514 137.4988 146.6958  1.00267913 43003
DIRECTV 10              
1 31862U 07032A   19088.56687503 -.00000121  00000-0  00000-0 0  9993
2 31862   0.0326 345.2348 0000312 110.3556 192.2946  1.00272853 19189
SPACEWAY 3              
1 32018U 07036A   19088.52168876 -.00000170  00000-0  00000-0 0  9998
2 32018   0.0413  10.0307 0000221  74.7944 194.6435  1.00271145 20134
BSAT-3A                 
1 32019U 07036B   19088.50116243 -.00000369  00000-0  00000-0 0  9998
2 32019   0.0388 217.5344 0000794  69.2749 190.0586  1.00271238 24075
INSAT-4CR               
1 32050U 07037A   19088.56065007  .00000107  00000-0  00000-0 0  9990
2 32050   0.3041  96.7307 0006479 199.3177 140.2965  1.00273682 24940
OPTUS D2                
1 32252U 07044A   19088.55734425 -.00000202  00000-0  00000-0 0  9995
2 32252   0.0192 172.4633 0003584 201.9501 164.9038  1.00269732 42133
INTELSAT 11 (IS-11)     
1 32253U 07044B   19088.47071712 -.00000287  00000-0  00000+0 0  9992
2 32253   0.0237 262.0210 0001592 134.2450 276.7696  1.00272832 42080
WGS F1 (USA 195)        
1 32258U 07046A   19088.44632897  .00000023  00000-0  00000-0 0  9991
2 32258   0.0155 181.5627 0000560 270.5756 261.0670  1.00273278 25937
STAR ONE C1             
1 32293U 07056A   19088.46626809 -.00000295  00000-0  00000+0 0  9990
2 32293   0.0206 118.6955 0002900 270.0369 260.6760  1.00271270 41666
SKYNET 5B               
1 32294U 07056B   19088.55605709  .00000123  00000-0  00000-0 0  9997
2 32294   0.0681  11.3312 0003845 355.2522  45.3130  1.00272036 41756
ASTRA 4A (SIRIUS 4)     
1 32299U 07057A   19088.35049326  .00000014  00000-0  00000+0 0  9996
2 32299   0.0366  81.2270 0003072 296.1221 300.0737  1.00272935 41517
HORIZONS 2              
1 32388U 07063B   19088.56797788 -.00000201  00000-0  00000-0 0  9997
2 32388   0.0182 222.1182 0003003 162.3682  91.4827  1.00272930 41425
THURAYA-3               
1 32404U 08001A   19088.57076942 -.00000317  00000-0  00000-0 0  9990
2 32404   3.8186   2.3365 0004793   4.7958 123.5123  1.00272516 41080
EXPRESS-AM33            
1 32478U 08003A   19088.42675022 -.00000299  00000-0  00000-0 0  9990
2 32478   0.0310 311.0911 0000576 135.0816 350.4505  1.00269817 41177
THOR 5                  
1 32487U 08006A   19088.33550147 -.00000028  00000-0  00000+0 0  9992
2 32487   0.0221 240.0768 0002706 145.9209 280.4571  1.00271789 40739
KIZUNA (WINDS)          
1 32500U 08007A   19088.57931854 -.00000289  00000-0  00000-0 0  9993
2 32500   2.2384  86.3368 0002288 282.4534 168.1345  1.00256334 40469
AMC-14                  
1 32708U 08011A   19088.10153525  .00000081  00000-0  00000+0 0  9996
2 32708  20.2447  53.4650 0044926 356.6559 190.6289  1.00271761 41654
DIRECTV 11              
1 32729U 08013A   19088.64200595 -.00000144  00000-0  00000-0 0  9992
2 32729   0.0429  25.4509 0000033 114.8740 178.3388  1.00271559 19172
ICO G1                  
1 32763U 08016A   19088.46216108 -.00000186  00000-0  00000-0 0  9996
2 32763   3.6414   4.7080 0002261  25.0712 230.3050  1.00272399 40143
VINASAT-1               
1 32767U 08018A   19088.57739935 -.00000347  00000-0  00000-0 0  9991
2 32767   0.0122 197.5744 0002321 217.0274 111.8878  1.00269912 40176
STAR ONE C2             
1 32768U 08018B   19088.52030140 -.00000283  00000-0  00000-0 0  9998
2 32768   0.0160 167.2499 0000906 254.7686 241.9060  1.00273588 40231
TIANLIAN 1-01           
1 32779U 08019A   19088.56701830 -.00000155  00000-0  00000-0 0  9994
2 32779   3.1814  73.8256 0036302 248.6388 148.3245  1.00273424 39980
AMOS-3                  
1 32794U 08022A   19088.35604760 -.00000054  00000-0  00000-0 0  9994
2 32794   0.0169 148.3943 0001136 225.4403 296.6538  1.00271936 55936
GALAXY 18 (G-18)        
1 32951U 08024A   19088.43956208  .00000007  00000-0  00000+0 0  9993
2 32951   0.0130 243.1072 0002962 136.4478 202.2124  1.00271367 39649
CHINASAT 9 (ZX 9)       
1 33051U 08028A   19088.56946090 -.00000266  00000-0  00000-0 0  9990
2 33051   0.0153 198.7283 0003857 180.5150 104.6468  1.00272035 39601
SKYNET 5C               
1 33055U 08030A   19088.45743747 -.00000158  00000-0  00000+0 0  9998
2 33055   0.0575   8.8694 0003429  25.0411 299.4729  1.00272523 39456
TURKSAT 3A              
1 33056U 08030B   19088.55942878  .00000128  00000-0  00000-0 0  9993
2 33056   0.0589  84.8430 0004770 306.9124  38.3079  1.00268722 25916
INTELSAT 25 (IS-25)     
1 33153U 08034A   19088.40119010 -.00000242  00000-0  00000-0 0  9991
2 33153   0.0111 177.1721 0002077 156.3751 325.8739  1.00272319 39284
BADR-6                  
1 33154U 08034B   19088.55623156  .00000126  00000-0  00000-0 0  9999
2 33154   0.0558  28.4263 0006438   8.2083  16.2724  1.00268663 39313
ECHOSTAR 11             
1 33207U 08035A   19088.44525444 -.00000075  00000-0  00000-0 0  9992
2 33207   0.0155 142.3361 0002596 228.6429 225.8486  1.00272555 24810
SUPERBIRD-C2            
1 33274U 08038A   19088.57975472 -.00000269  00000-0  00000-0 0  9998
2 33274   0.0154 226.7995 0001855 175.8441 136.6868  1.00273757 79297
AMC-21                  
1 33275U 08038B   19088.58775370  .00000018  00000-0  00000-0 0  9996
2 33275   0.0200  83.6713 0002583 296.9986 252.7018  1.00273624 39056
INMARSAT 4-F3           
1 33278U 08039A   19088.56940044 -.00000156  00000-0  00000+0 0  9993
2 33278   3.0283   8.1903 0002672   8.1655 277.3189  1.00274877 38828
NIMIQ 4                 
1 33373U 08044A   19088.46295312 -.00000239  00000-0  00000-0 0  9998
2 33373   0.0178 239.9390 0002315 127.7827 263.5180  1.00272578 38533
GALAXY 19 (G-19)        
1 33376U 08045A   19088.57037536 -.00000157  00000-0  00000-0 0  9995
2 33376   0.0125 229.0800 0003053 147.9472 277.9639  1.00271443 38509
VENESAT-1               
1 33414U 08055A   19088.52339500 -.00000256  00000-0  00000-0 0  9990
2 33414   0.0294  37.3071 0002179 357.2035 262.5065  1.00270152 38248
ASTRA 1M                
1 33436U 08057A   19088.33938139  .00000101  00000-0  00000-0 0  9996
2 33436   0.0249 243.8088 0002267 171.6680 272.3466  1.00269397 19293
CIEL-2                  
1 33453U 08063A   19088.63900338  .00000040  00000-0  00000-0 0  9997
2 33453   0.0170 238.8149 0002978 137.4091 271.6906  1.00271904 37717
EUTELSAT HOT BIRD 13C   
1 33459U 08065A   19088.33829302  .00000068  00000-0  00000-0 0  9993
2 33459   0.0606 321.5974 0004723  72.3040 287.3034  1.00271050 20905
EUTELSAT 48D            
1 33460U 08065B   19088.56065007  .00000106  00000-0  00000-0 0  9997
2 33460   0.0492 357.4860 0001744  25.7928  53.3045  1.00270567 37553
FENGYUN 2E              
1 33463U 08066A   19088.58417961 -.00000216  00000-0  00000-0 0  9996
2 33463   3.4355  69.2311 0004721 264.4446 149.8340  1.00265853 37657
EXPRESS-AM44            
1 33595U 09007A   19088.40529019 -.00000107  00000-0  00000-0 0  9996
2 33595   0.0282 302.3244 0001004 151.9147 227.1565  1.00271909 37119
NSS-9                   
1 33749U 09008A   19088.59263913  .00000053  00000-0  00000-0 0  9995
2 33749   0.0402  26.1748 0002047 354.0089 202.9235  1.00269075 37085
EUTELSAT 33E            
1 33750U 09008B   19088.55745316  .00000137  00000-0  00000-0 0  9998
2 33750   0.0564   9.4823 0003836   1.6586  49.2660  1.00273589 37009
TELSTAR 11N             
1 34111U 09009A   19088.46299458 -.00000269  00000-0  00000-0 0  9999
2 34111   0.0186 174.3176 0002365 192.2131 309.1414  1.00271500 19807
EUTELSAT 10A            
1 34710U 09016A   19088.33768236  .00000049  00000-0  00000+0 0  9997
2 34710   0.0672  12.9455 0005261 357.4451 307.5937  1.00272755 36520
WGS F2 (USA 204)        
1 34713U 09017A   19088.60041926  .00000029  00000-0  00000-0 0  9990
2 34713   0.0161 185.6171 0000601 242.8883  34.5118  1.00270308 19181
SES-7 (PROTOSTAR 2)     
1 34941U 09027A   19088.57268861 -.00000364  00000-0  00000-0 0  9992
2 34941   0.0806  97.9038 0001602 232.9123 170.2671  1.00272437 36205
MEASAT-3A               
1 35362U 09032A   19088.56928642 -.00000261  00000-0  00000-0 0  9991
2 35362   0.0343 215.3847 0000795  98.7187 168.9866  1.00274476 35814
GOES 14                 
1 35491U 09033A   19088.56602519 -.00000111  00000-0  00000+0 0  9990
2 35491   0.1064 105.1624 0007501 133.2556  47.6428  1.00272000 35711
SIRIUS FM-5             
1 35493U 09034A   19088.48105853 -.00000218  00000-0  00000-0 0  9992
2 35493   0.0281 275.8666 0000843 114.1354 243.6003  1.00271483 20276
TERRESTAR-1             
1 35496U 09035A   19088.49840052 -.00000073  00000-0  00000+0 0  9992
2 35496   2.5247   1.9086 0003085  12.4165 240.6897  1.00272852 35717
ASIASAT 5               
1 35696U 09042A   19088.57111837 -.00000326  00000-0  00000-0 0  9995
2 35696   0.0286 255.1421 0001578 101.6331 136.0086  1.00271324 35252
JCSAT-RA (JCSAT-12)     
1 35755U 09044A   19088.61930378 -.00000050  00000-0  00000-0 0  9991
2 35755   0.0141 224.2831 0002147 173.9722 180.3001  1.00270969 35173
OPTUS D3                
1 35756U 09044B   19088.43861429 -.00000166  00000-0  00000+0 0  9999
2 35756   0.0108  20.5060 0004273 345.9180 134.0301  1.00271778 35199
PALAPA D                
1 35812U 09046A   19088.16883055 -.00000377  00000-0  00000-0 0  9998
2 35812   0.0162 150.7537 0002251 251.4852 317.7611  1.00273254 35238
NIMIQ 5                 
1 35873U 09050A   19088.47228917 -.00000275  00000-0  00000+0 0  9990
2 35873   0.0117 139.5411 0003190 245.6499 258.7009  1.00272560 34914
AMAZONAS 2              
1 35942U 09054A   19088.47966126 -.00000301  00000-0  00000-0 0  9993
2 35942   0.0397 128.6481 0002877 297.8617 231.7652  1.00272137 34745
COMSATBW-1              
1 35943U 09054B   19088.56361609  .00000006  00000-0  00000-0 0  9990
2 35943   0.0605  92.1640 0003106 305.3692  55.0159  1.00273512 34853
NSS-12                  
1 36032U 09058A   19088.56248203  .00000053  00000-0  00000-0 0  9990
2 36032   0.0294  64.8561 0002811 312.9879  68.3012  1.00271312 34499
THOR 6                  
1 36033U 09058B   19088.33550147 -.00000028  00000-0  00000-0 0  9992
2 36033   0.0103 173.3952 0002590 234.4165 258.5550  1.00273349 34570
INTELSAT 14 (IS-14)     
1 36097U 09064A   19088.44896514 -.00000292  00000-0  00000+0 0  9994
2 36097   0.0135 185.9158 0002482 192.7522 284.5065  1.00271939 34253
EUTELSAT 36B            
1 36101U 09065A   19088.48641957  .00000137  00000-0  00000-0 0  9992
2 36101   0.0657  12.3740 0004817   7.7929  17.3994  1.00273492 34280
INTELSAT 15 (IS-15)     
1 36106U 09067A   19088.56806512 -.00000204  00000-0  00000-0 0  9994
2 36106   0.0181 222.5905 0002248 155.0887  98.6281  1.00272625 14872
WGS F3 (USA 211)        
1 36108U 09068A   19088.49224698 -.00000115  00000-0  00000-0 0  9999
2 36108   0.0202 183.2219 0000564 287.1571 241.3942  1.00270136 20171
DIRECTV 12              
1 36131U 09075A   19088.58727458 -.00000121  00000-0  00000-0 0  9992
2 36131   0.0168 283.6826 0000166  88.4543 283.1536  1.00272595 20158
BEIDOU 3                
1 36287U 10001A   19088.53729956 -.00000301  00000-0  00000-0 0  9995
2 36287   1.4437 351.9203 0001765 168.8608 359.2678  1.00276273 33730
RADUGA-1M 2             
1 36358U 10002A   19088.56806512 -.00000203  00000-0  00000-0 0  9993
2 36358   0.0289 238.4405 0003172 171.3888  66.3323  1.00272745 23669
SDO                     
1 36395U 10005A   19086.16150247 -.00000077  00000-0  00000-0 0  9997
2 36395  29.6066 128.9798 0000783  11.5848 359.6973  1.00276249 33601
INTELSAT 16 (IS-16)     
1 36397U 10006A   19088.46408719 -.00000263  00000-0  00000-0 0  9992
2 36397   0.0190 212.0863 0001984 173.7090 251.6362  1.00272505 33420
GOES 15                 
1 36411U 10008A   19088.63979112  .00000036  00000-0  00000-0 0  9997
2 36411   0.0411 100.5562 0000865 170.6694  17.6647  1.00278606 33236
ECHOSTAR 14             
1 36499U 10010A   19088.45758855 -.00000018  00000-0  00000-0 0  9996
2 36499   0.0153 217.3932 0002502 147.0525 227.9352  1.00271651 20131
SES-1                   
1 36516U 10016A   19088.56783550 -.00000133  00000-0  00000+0 0  9991
2 36516   0.0179 129.1944 0002430 249.0841 271.8064  1.00272572 32691
ASTRA 3B                
1 36581U 10021A   19088.55579539  .00000119  00000-0  00000-0 0  9992
2 36581   0.0443  15.7044 0002982 351.9409  42.5963  1.00275747 32433
COMSATBW-2              
1 36582U 10021B   19088.33829302  .00000069  00000-0  00000-0 0  9999
2 36582   0.0196 259.0901 0002376 135.2565 287.0905  1.00268781 32529
BEIDOU 4                
1 36590U 10024A   19088.42343525 -.00000157  00000-0  00000+0 0  9997
2 36590   1.5666  36.2682 0001940  31.1095 351.6050  1.00272420 32349
BADR-5                  
1 36592U 10025A   19088.55623156  .00000127  00000-0  00000-0 0  9992
2 36592   0.0159 159.0126 0002080 278.2640 335.6588  1.00278008 26771
COMS 1                  
1 36744U 10032A   19088.57661422 -.00000363  00000-0  00000-0 0  9992
2 36744   0.0222 178.2967 0000277 287.7671  56.3611  1.00270402 24651
ARABSAT-5A              
1 36745U 10032B   19088.55719116  .00000135  00000-0  00000-0 0  9991
2 36745   0.0635  37.2746 0003408   3.5902  16.8541  1.00271759 32208
ECHOSTAR 15             
1 36792U 10034A   19088.46273043 -.00000300  00000-0  00000+0 0  9993
2 36792   0.0167 159.2355 0001805 214.6825 277.5757  1.00271701 31952
NILESAT 201             
1 36830U 10037A   19088.53527247 -.00000076  00000-0  00000-0 0  9996
2 36830   0.0436 167.4801 0005585 223.7164 341.1123  1.00272468 31920
RASCOM-QAF 1R           
1 36831U 10037B   19088.33628659 -.00000000  00000-0  00000+0 0  9990
2 36831   0.0189 138.7322 0005251 227.8247 303.8193  1.00272111 31851
AEHF-1 (USA 214)        
1 36868U 10039A   19088.35049326  .00000009  00000-0  00000-0 0  9991
2 36868   1.7130 107.8834 0003829 267.2410 301.4665  1.00273777 27211
CHINASAT 6A (ZX 6A)     
1 37150U 10042A   19088.75882514 -.00000372  00000-0  00000+0 0  9991
2 37150   0.0215 220.6516 0003612 245.0710 119.3408  1.00270216 31468
QZS-1 (MICHIBIKI-1)     
1 37158U 10045A   19088.50779236 -.00000218  00000-0  00000+0 0  9990
2 37158  41.2640 149.9411 0751130 270.0639  84.3252  1.00299170 31272
XM-5                    
1 37185U 10053A   19088.46225522 -.00000223  00000-0  00000-0 0  9995
2 37185   0.0204 188.0330 0000339   9.6137  70.1152  1.00267865 31056
BSAT-3B                 
1 37207U 10056B   19088.59729841 -.00000369  00000-0  00000-0 0  9991
2 37207   0.0577 329.5665 0004085  21.5735 160.4221  1.00269958 25795
BEIDOU 6                
1 37210U 10057A   19088.58298244 -.00000129  00000-0  00000-0 0  9997
2 37210   1.0008  55.2792 0002755 186.7336 314.5701  1.00272788 30848
SKYTERRA 1              
1 37218U 10061A   19088.56760079 -.00000135  00000-0  00000-0 0  9995
2 37218   2.4736 343.4378 0004099  26.6409 279.5879  1.00272632 30762
ZHONGXING-20A           
1 37234U 10064A   19088.58810104 -.00000356  00000-0  00000-0 0  9998
2 37234   0.0704  78.8782 0006825 345.7045 103.8289  1.00270589 30546
HYLAS 1                 
1 37237U 10065A   19088.33846750  .00000073  00000-0  00000-0 0  9996
2 37237   0.0633 295.2373 0001998  72.9567 313.8640  1.00272520 30546
INTELSAT 17 (IS-17)     
1 37238U 10065B   19088.56422674 -.00000020  00000-0  00000-0 0  9990
2 37238   0.0152 170.9655 0002490 190.7467  94.0619  1.00272326 26982
EUTELSAT KA-SAT 9A      
1 37258U 10069A   19088.33750789  .00000043  00000-0  00000-0 0  9996
2 37258   0.0148  92.1523 0005526 294.1560 290.6304  1.00272934 17591
HISPASAT 30W-6          
1 37264U 10070A   19088.46299458 -.00000234  00000-0  00000+0 0  9992
2 37264   0.0375 119.3711 0003096 282.6199 281.2158  1.00274180 30224
KOREASAT 6              
1 37265U 10070B   19088.63665978 -.00000380  00000-0  00000-0 0  9999
2 37265   0.0178 185.4313 0001710 185.3121 161.2145  1.00269424 30333
BEIDOU 8                
1 37384U 11013A   19088.63362248 -.00000154  00000-0  10000-3 0  9996
2 37384  58.6724  66.1667 0040617 209.9166 258.7147  1.00278859 29243
INTELSAT NEW DAWN       
1 37392U 11016A   19088.55745316  .00000137  00000-0  00000-0 0  9996
2 37392   0.0201 218.5498 0000707 128.1179  73.4526  1.00273203 26866
YAHSAT 1A               
1 37393U 11016B   19088.55979446  .00000083  00000-0  00000-0 0  9990
2 37393   0.0172 172.4255 0002465 206.9100  61.3219  1.00271247 15965
SBIRS GEO-1 (USA 230)   
1 37481U 11019A   19088.56431397 -.00000027  00000-0  00000-0 0  9999
2 37481   2.6274 330.0094 0002490  44.7504  81.2452  1.00272394 28992
TELSTAR 14R             
1 37602U 11021A   19088.46670427 -.00000299  00000-0  00000+0 0  9995
2 37602   0.0423  15.3491 0003628   2.0836 274.1348  1.00271913 29341
GSAT-8                  
1 37605U 11022A   19088.49025795  .00000066  00000-0  00000-0 0  9996
2 37605   0.0192 184.9470 0004908 113.3113 119.8646  1.00272973 26770
ST-2                    
1 37606U 11022B   19088.55952274 -.00000230  00000-0  00000-0 0  9999
2 37606   0.0134 236.8074 0001737 180.4789  58.7836  1.00274073 28840
CHINASAT 10 (ZX 10)     
1 37677U 11026A   19088.28595147 -.00000371  00000-0  00000-0 0  9999
2 37677   0.0539 267.1630 0001701 242.8469 249.7919  1.00269666 28533
TIANLIAN 1-02           
1 37737U 11032A   19088.44070795 -.00000069  00000-0  00000-0 0  9992
2 37737   2.7438  75.1392 0025924 198.7814 238.1213  1.00270481 28283
GSAT-12                 
1 37746U 11034A   19088.56762894 -.00000182  00000-0  00000-0 0  9991
2 37746   0.0719  93.9313 0016100 344.1127  35.9005  1.00268753 17040
SES-3                   
1 37748U 11035A   19088.56602451 -.00000120  00000-0  00000-0 0  9998
2 37748   0.0347  46.1118 0002075 328.0843 273.2204  1.00272375 28173
KAZSAT-2                
1 37749U 11035B   19088.56460528 -.00000217  00000-0  00000-0 0  9993
2 37749   0.0437 298.9552 0001804 145.2998  32.1685  1.00272990 26954
BEIDOU 9                
1 37763U 11038A   19088.49901435 -.00000120  00000-0  10000-3 0  9998
2 37763  54.4403 189.6098 0059330 221.7850  50.1397  1.00264108 28203
ASTRA 1N                
1 37775U 11041A   19088.33938139  .00000101  00000-0  00000+0 0  9992
2 37775   0.0531 342.4290 0005423  42.5047 302.8772  1.00270096 27957
BSAT-3C (JCSAT-110R)    
1 37776U 11041B   19088.59729803 -.00000369  00000-0  00000-0 0  9995
2 37776   0.0182 161.5098 0000354 318.9088  31.2648  1.00272896 24052
PAKSAT-1R               
1 37779U 11042A   19088.55864365  .00000135  00000-0  00000-0 0  9998
2 37779   0.0470 304.4056 0003246  91.5093  29.8442  1.00270873 28030
CHINASAT 1A (ZX 1A)     
1 37804U 11047A   19088.61099312 -.00000356  00000-0  00000-0 0  9997
2 37804   0.0395  99.0794 0001767 308.4870 128.9479  1.00271021 27643
COSMOS 2473             
1 37806U 11048A   19088.40476677 -.00000126  00000-0  00000-0 0  9995
2 37806   0.0587 117.2105 0002822 285.0939 276.3965  1.00271526 27622
SES-2                   
1 37809U 11049A   19088.59426931 -.00000214  00000-0  00000-0 0  9995
2 37809   0.0230 100.5582 0002437 268.0648 304.9965  1.00273057 27577
ARABSAT-5C              
1 37810U 11049B   19088.33938139  .00000104  00000-0  00000+0 0  9993
2 37810   0.0624   6.4218 0002669   5.5772 316.6283  1.00269407 27471
EUTELSAT 7 WEST A       
1 37816U 11051A   19088.53810492 -.00000079  00000-0  00000+0 0  9997
2 37816   0.0644  20.1824 0002720 145.1765 207.6967  1.00271252 27532
QUETZSAT 1              
1 37826U 11054A   19088.52339500 -.00000260  00000-0  00000-0 0  9999
2 37826   0.0362  41.2364 0003248 355.7078 261.0930  1.00271855 23477
INTELSAT 18 (IS-18)     
1 37834U 11056A   19088.59071487  .00000034  00000-0  00000-0 0  9992
2 37834   0.0103 143.0224 0002658 256.0413 180.2683  1.00271415 27502
EUTELSAT 16A            
1 37836U 11057A   19088.34493594  .00000085  00000-0  00000-0 0  9991
2 37836   0.0678   5.8763 0004552   2.2644 318.4941  1.00269588 19552
VIASAT-1                
1 37843U 11059A   19088.55892828 -.00000042  00000-0  00000+0 0  9990
2 37843   0.0224 176.7452 0002289 202.2696 253.7631  1.00270908 27839
ASIASAT 7               
1 37933U 11069A   19088.60183300 -.00000353  00000-0  00000-0 0  9991
2 37933   0.0246 118.8813 0001537 243.4683 146.4805  1.00275497 18423
BEIDOU 10               
1 37948U 11073A   19088.56980983 -.00000131  00000-0  10000-3 0  9997
2 37948  52.2797 303.1515 0056148 207.6324 336.9033  1.00271748 26961
LUCH 5A                 
1 37951U 11074B   19088.63436201 -.00000073  00000-0  00000-0 0  9990
2 37951   2.3305 132.1748 0004067 240.8718 207.8248  1.00272228 26758
NIGCOMSAT 1R            
1 38014U 11077A   19088.55951601  .00000126  00000-0  00000-0 0  9999
2 38014   0.0439  35.9223 0002355   5.8032  28.8621  1.00269587 26510
FENGYUN 2F              
1 38049U 12002A   19088.60258009 -.00000375  00000-0  00000-0 0  9991
2 38049   1.0668  80.9609 0001669  51.0123  23.7954  1.00265855 26452
WGS F4 (USA 233)        
1 38070U 12003A   19088.55952274 -.00000233  00000-0  00000-0 0  9998
2 38070   0.0192 172.0259 0000277 310.1922 354.2550  1.00269627 17715
SES-4                   
1 38087U 12007A   19088.40310929 -.00000187  00000-0  00000+0 0  9996
2 38087   0.0181 275.0760 0002454 105.2887 289.2561  1.00271079 26043
BEIDOU 11               
1 38091U 12008A   19088.56283096  .00000040  00000-0  00000-0 0  9991
2 38091   1.9696  68.8498 0005287 300.1475  79.0085  1.00268786 26048
MUOS-1                  
1 38093U 12009A   19088.59464455  .00000047  00000-0  00000-0 0  9994
2 38093   2.6932 353.1155 0051585 179.1966  51.3855  1.00271025 25971
INTELSAT 22 (IS-22)     
1 38098U 12011A   19088.56245810 -.00000077  00000-0  00000-0 0  9995
2 38098   0.0250 153.7761 0002826 228.2253  79.2486  1.00270260 25404
APSTAR 7                
1 38107U 12013A   19088.56632039 -.00000120  00000-0  00000-0 0  9990
2 38107   0.0161 143.8466 0002698 230.7356  92.4486  1.00271726 25738
YAHSAT 1B               
1 38245U 12016A   19088.56056284  .00000108  00000-0  00000-0 0  9993
2 38245   0.0113 193.4151 0001546 187.1825  55.4525  1.00270355 19189
AEHF-2 (USA 235)        
1 38254U 12019A   19088.50536183 -.00000292  00000-0  00000+0 0  9995
2 38254   1.5354  24.1078 0004408 355.0856 281.8376  1.00272569 25231
JCSAT-13                
1 38331U 12023A   19088.54823479 -.00000375  00000-0  00000-0 0  9990
2 38331   0.0134 229.6714 0002271 176.3061 102.0198  1.00273815 25099
VINASAT-2               
1 38332U 12023B   19088.57739935 -.00000347  00000-0  00000-0 0  9996
2 38332   0.0166 236.0420 0002599 154.4152 135.9153  1.00273468 20222
NIMIQ 6                 
1 38342U 12026A   19088.45873080 -.00000192  00000-0  00000+0 0  9994
2 38342   0.0186 164.7378 0002686 208.4077 247.4635  1.00269508 25158
CHINASAT 2A (ZX 2A)     
1 38352U 12028A   19088.55952274 -.00000312  00000-0  00000-0 0  9996
2 38352   0.0396  98.6463 0003601 298.0155  89.6632  1.00274322 24941
INTELSAT 19 (IS-19)     
1 38356U 12030A   19088.57468325 -.00000075  00000-0  00000-0 0  9990
2 38356   0.0139 186.9395 0002977 190.1207 182.5029  1.00270459 24029
ECHOSTAR 17             
1 38551U 12035A   19088.56363388 -.00000094  00000-0  00000-0 0  9995
2 38551   0.0209 172.8823 0002017 196.3013 273.2935  1.00274098 24647
METEOSAT-10 (MSG-3)     
1 38552U 12035B   19088.33759513  .00000046  00000-0  00000+0 0  9995
2 38552   0.9963  14.1247 0001457  57.7909 245.5815  1.00280719 24773
SES-5                   
1 38652U 12036A   19088.44632897  .00000015  00000-0  00000+0 0  9990
2 38652   0.0251 131.9174 0002030 247.3303 332.9418  1.00270918 24630
TIANLIAN 1-03           
1 38730U 12040A   19088.55439962  .00000089  00000-0  00000-0 0  9994
2 38730   0.0876 258.5036 0005201 164.5618 339.9480  1.00270547 22301
INTELSAT 20 (IS-20)     
1 38740U 12043A   19088.52549282 -.00000043  00000-0  00000-0 0  9993
2 38740   0.0187 140.6129 0001727  40.2205 263.4607  1.00271600 24307
HYLAS 2                 
1 38741U 12043B   19088.55727839  .00000136  00000-0  00000-0 0  9995
2 38741   0.0258 106.1685 0001750 263.0214  49.1006  1.00271576 24328
INTELSAT 21 (IS-21)     
1 38749U 12045A   19088.50540281 -.00000303  00000-0  00000-0 0  9991
2 38749   0.0148 162.7560 0002142 218.4729 289.3152  1.00272828 24102
ASTRA 2F                
1 38778U 12051A   19088.55666774  .00000132  00000-0  00000-0 0  9990
2 38778   0.0675 232.8981 0001227  28.0548 154.3203  1.00276806 14727
GSAT-10                 
1 38779U 12051B   19088.56428326 -.00000184  00000-0  00000-0 0  9999
2 38779   0.0426  99.1333 0001956 317.8032  55.8240  1.00277408 23683
INTELSAT 23 (IS-23)     
1 38867U 12057A   19088.48736720 -.00000303  00000-0  00000-0 0  9997
2 38867   0.0227 117.4103 0001775 267.5793 284.0219  1.00271401 23569
BEIDOU 16               
1 38953U 12059A   19088.58445955 -.00000193  00000-0  00000-0 0  9990
2 38953   1.6991  83.1071 0006182 229.0918 168.9250  1.00272942 23614
LUCH 5B                 
1 38977U 12061A   19087.75819891 -.00000148  00000-0  00000-0 0  9991
2 38977   4.8405  70.3929 0006849 298.7243  73.4280  1.00271845 23736
YAMAL 300K              
1 38978U 12061B   19088.59316385  .00000052  00000-0  00000-0 0  9998
2 38978   0.0114 191.0860 0002158 221.6650 170.4122  1.00267817 23202
STAR ONE C3             
1 38991U 12062A   19088.52150251 -.00000267  00000-0  00000-0 0  9994
2 38991   0.0188 118.6995 0002815 277.2925 263.3607  1.00272773 23335
EUTELSAT 21B            
1 38992U 12062B   19088.55535921  .00000111  00000-0  00000-0 0  9996
2 38992   0.0679   6.5127 0002339 355.1149  46.5530  1.00269342 23400
ECHOSTAR 16             
1 39008U 12065A   19088.46272956 -.00000300  00000-0  00000+0 0  9994
2 39008   0.0190 187.7151 0001839 179.7816 284.1388  1.00271703 23361
CHINASAT 12 (ZX 12)     
1 39017U 12067A   19088.55952274 -.00000225  00000-0  00000-0 0  9991
2 39017   0.0217 176.5201 0002795 210.4647  88.5961  1.00268375 23072
EUTELSAT 70B            
1 39020U 12069A   19088.61216539 -.00000062  00000-0  00000-0 0  9990
2 39020   0.0670 355.1108 0001463  13.2571 109.2725  1.00270241 23070
YAMAL 402               
1 39022U 12070A   19088.56204584  .00000067  00000-0  00000-0 0  9999
2 39022   0.0149 137.9653 0003028 251.4066  54.5147  1.00271267 22953
SKYNET 5D               
1 39034U 12075A   19088.56160966  .00000081  00000-0  00000-0 0  9998
2 39034   0.0737   2.8470 0003896   4.4137  74.3385  1.00270999 22735
MEXSAT 3                
1 39035U 12075B   19088.55892828 -.00000044  00000-0  00000+0 0  9996
2 39035   0.0116 195.5183 0002230 194.5746 242.9751  1.00274349 23033
TDRS 11                 
1 39070U 13004A   19088.59685227  .00000060  00000-0  00000+0 0  9992
2 39070   4.4863 329.3846 0003186  21.8725 235.8668  1.00272709 22543
AMAZONAS 3              
1 39078U 13006A   19088.46272957 -.00000301  00000-0  00000+0 0  9999
2 39078   0.0287 217.4477 0001376 135.8044 298.8706  1.00275695 22526
AZERSPACE 1             
1 39079U 13006B   19088.56021389  .00000114  00000-0  00000-0 0  9994
2 39079   0.0185 161.8274 0001521 245.4992  26.9838  1.00273013 22363
SBIRS GEO-2 (USA 241)   
1 39120U 13011A   19088.55518476  .00000102  00000-0  00000-0 0  9991
2 39120   2.6934 330.4022 0001965  42.5986  34.1130  1.00273121 22126
EUTELSAT 117 WEST A     
1 39122U 13012A   19088.58709903 -.00000031  00000-0  00000-0 0  9996
2 39122   0.0302  54.5873 0002904 323.0160 263.6351  1.00271405 22006
ANIK G1                 
1 39127U 13014A   19088.56363692 -.00000093  00000-0  00000+0 0  9999
2 39127   0.0412 273.2805 0002079  70.0911 298.8895  1.00272981 21804
CHINASAT 11 (ZX 11)     
1 39157U 13020A   19088.57059495 -.00000310  00000-0  00000-0 0  9996
2 39157   0.0235 160.9428 0003529 152.8248 176.3192  1.00272160 21715
EUTELSAT 7B             
1 39163U 13022A   19088.33707171  .00000029  00000-0  00000+0 0  9995
2 39163   0.0626  46.3402 0005667 321.6304 306.8009  1.00271253 21538
WGS F5 (USA 243)        
1 39168U 13024A   19088.48736830 -.00000303  00000-0  00000-0 0  9999
2 39168   0.0171 184.2079 0000512 248.9536 236.3473  1.00272248 20741
SES-6                   
1 39172U 13026A   19088.46854639 -.00000280  00000-0  00000-0 0  9996
2 39172   0.0437 307.1615 0001973  83.2506 284.3195  1.00271900 21280
IRNSS-1A                
1 39199U 13034A   19088.12369872  .00000094  00000-0  00000-0 0  9999
2 39199  29.9711 104.0244 0019793 187.6989 354.1109  1.00268014 20922
MUOS-2                  
1 39206U 13036A   19088.56748564 -.00000145  00000-0  00000-0 0  9995
2 39206   2.9579 344.6213 0057827   1.7444 304.6216  1.00272478 20764
ALPHASAT                
1 39215U 13038A   19088.55605709  .00000120  00000-0  00000-0 0  9991
2 39215   2.1700  23.6960 0001954 359.9288  28.0590  1.00273899 17619
INSAT-3D                
1 39216U 13038B   19088.56745448 -.00000175  00000-0  00000-0 0  9999
2 39216   0.0143 197.2426 0001400 209.0088  66.7745  1.00272175 20679
WGS F6 (USA 244)        
1 39222U 13041A   19088.41646561  .00000071  00000-0  00000+0 0  9993
2 39222   0.0085 170.3818 0000269 189.8587 200.9865  1.00270483 20629
EUTELSAT 25B            
1 39233U 13044A   19088.55614434  .00000125  00000-0  00000-0 0  9998
2 39233   0.0491  23.3963 0001698 357.4558  31.4924  1.00274286 20198
GSAT-7                  
1 39234U 13044B   19088.58694436 -.00000096  00000-0  00000-0 0  9990
2 39234   0.0319 114.0120 0007235 180.6806 177.2713  1.00272963 18907
AMOS-4                  
1 39237U 13045A   19088.56405227 -.00000012  00000-0  00000-0 0  9998
2 39237   0.0102 207.6255 0002277 184.9656  62.1248  1.00273574 20513
AEHF-3 (USA 246)        
1 39256U 13050A   19088.55734432 -.00000202  00000-0  00000-0 0  9998
2 39256   1.2992 311.3439 0007138  48.7835 179.3945  1.00272936 19231
ASTRA 2E                
1 39285U 13056A   19088.55675498  .00000132  00000-0  00000-0 0  9993
2 39285   0.1003  64.4763 0002589 298.5156  52.5634  1.00271849 20024
SIRIUS FM-6             
1 39360U 13058A   19088.58709903 -.00000035  00000-0  00000-0 0  9994
2 39360   0.0184 136.6090 0001157  52.7015  92.5879  1.00271569 19725
RADUGA-1M 3             
1 39375U 13062A   19088.61216464 -.00000058  00000-0  00000-0 0  9999
2 39375   0.0156 196.3048 0002025 199.6051  81.2148  1.00272872 19690
SES-8                   
1 39460U 13071A   19088.60394897 -.00000288  00000-0  00000-0 0  9995
2 39460   0.0194 236.1921 0002395 169.7630  93.1633  1.00273978 18071
INMARSAT 5-F1           
1 39476U 13073A   19088.56352885  .00000010  00000-0  00000-0 0  9992
2 39476   0.0186 176.5111 0000120 185.1472  90.4613  1.00270697 19150
TKSAT-1 (TUPAC KATARI)  
1 39481U 13075A   19088.58911455 -.00000213  00000-0  00000-0 0  9992
2 39481   0.0383  30.4036 0003194 347.2299 293.9402  1.00272378 19155
EXPRESS-AM5             
1 39487U 13077A   19086.42546201 -.00000301  00000-0  00000+0 0  9991
2 39487   0.0362 320.1606 0001864 100.3451  57.2236  1.00270029 19911
GSAT-14                 
1 39498U 14001A   19088.58694448 -.00000096  00000-0  00000-0 0  9999
2 39498   0.0097 194.4030 0003496 121.8582 155.7011  1.00272638 18997
THAICOM 6               
1 39500U 14002A   19088.56675657 -.00000139  00000-0  00000-0 0  9991
2 39500   0.0593 125.1501 0002727 307.2010  36.8214  1.00271757 19028
TDRS 12                 
1 39504U 14004A   19088.38989569 -.00000288  00000-0  00000-0 0  9992
2 39504   5.2155 336.4129 0002027 353.4355 316.1066  1.00269904 17831
ABS-2                   
1 39508U 14006A   19088.58772081 -.00000105  00000-0  00000-0 0  9997
2 39508   0.0149 102.4325 0003035 281.5556  89.1791  1.00272433 18861
ATHENA-FIDUS            
1 39509U 14006B   19088.48685576  .00000135  00000-0  00000+0 0  9990
2 39509   0.0143 249.2368 0001644 154.1621 356.2579  1.00274972 19060
TURKSAT 4A              
1 39522U 14007A   19088.55942878  .00000127  00000-0  00000-0 0  9997
2 39522   0.0447 267.9657 0003307  55.3072 106.7424  1.00272955 18548
EXPRESS-AT1             
1 39612U 14010A   19088.77762145  .00000061  00000-0  00000+0 0  9998
2 39612   0.0349 330.5662 0000750 150.4488  41.7744  1.00270755 18616
EXPRESS-AT2             
1 39613U 14010B   19088.57896959 -.00000300  00000-0  00000-0 0  9996
2 39613   0.0360 325.3940 0000978 142.2289  67.3212  1.00271943 18086
AMAZONAS 4A             
1 39616U 14011A   19088.48794414 -.00000271  00000-0  00000+0 0  9999
2 39616   0.0775  71.4897 0003380 304.0223 272.7311  1.00273500 18426
ASTRA 5B                
1 39617U 14011B   19088.55736562  .00000136  00000-0  00000-0 0  9998
2 39617   0.0486  58.5798 0003485 310.8290  49.3714  1.00272142 18221
IRNSS-1B                
1 39635U 14017A   19088.12369872  .00000083  00000-0  00000-0 0  9994
2 39635  28.6565 284.4860 0019537 177.5178 183.8257  1.00276868 18150
LUCH 5V                 
1 39727U 14023A   19088.56998431 -.00000288  00000-0  00000-0 0  9998
2 39727   1.3827 302.3638 0003886  94.1760  90.0589  1.00271715536085
KAZSAT-3                
1 39728U 14023B   19088.61487951  .00000043  00000-0  00000-0 0  9993
2 39728   0.0163 200.8332 0000592 150.1149 115.6087  1.00264168 16010
EUTELSAT 3B             
1 39773U 14030A   19088.44632897  .00000001  00000-0  00000-0 0  9997
2 39773   0.0994 319.4342 0001766 217.2313 173.6482  1.00271328 17629
ASIASAT 8               
1 40107U 14046A   19088.35604760 -.00000052  00000-0  00000-0 0  9992
2 40107   0.0405 102.3726 0002144 275.5168 292.8592  1.00272686 75718
ASIASAT 6               
1 40141U 14052A   19088.54840840 -.00000381  00000-0  00000-0 0  9994
2 40141   0.0331 112.3353 0000753 290.3608 101.2693  1.00270691 16623
OPTUS 10                
1 40146U 14054A   19088.48660531 -.00000166  00000-0  00000-0 0  9992
2 40146   0.0291 205.5766 0002017 173.5189 138.6441  1.00272934 16589
MEASAT-3B               
1 40147U 14054B   19088.55952274 -.00000261  00000-0  00000-0 0  9995
2 40147   0.0440  11.9652 0002803 346.0516 121.5679  1.00273292 16473
LUCH (OLYMP)            
1 40258U 14058A   19088.70171442  .00000031  00000-0  00000+0 0  9992
2 40258   0.0301 255.3482 0001362 150.5459  93.4410  1.00272466 16506
HIMAWARI-8              
1 40267U 14060A   19088.57914406 -.00000295  00000-0  00000-0 0  9999
2 40267   0.0114 199.7882 0001049 189.9242 146.0800  1.00269811 16329
IRNSS-1C                
1 40269U 14061A   19088.56762894 -.00000182  00000-0  00000-0 0  9998
2 40269   2.0181 214.5681 0018258  10.0849 249.4163  1.00274557 16241
INTELSAT 30 (IS-30)     
1 40271U 14062A   19088.52168876 -.00000169  00000-0  00000-0 0  9993
2 40271   0.0204 188.7866 0001923 289.0103 161.5875  1.00271432 16206
ARSAT 1                 
1 40272U 14062B   19088.47228501 -.00000278  00000-0  00000-0 0  9991
2 40272   0.0177 201.3583 0001256 191.2477 252.1662  1.00271519 16174
EXPRESS-AM6             
1 40277U 14064A   19088.55979446  .00000079  00000-0  00000-0 0  9996
2 40277   0.0396 309.7901 0000858 157.1337 334.2593  1.00273946 15138
GSAT-16                 
1 40332U 14078A   19088.56204584  .00000066  00000-0  00000-0 0  9994
2 40332   0.0365  98.2118 0005993 332.1911  13.6417  1.00271769 15688
DIRECTV 14              
1 40333U 14078B   19088.64200184 -.00000144  00000-0  00000-0 0  9994
2 40333   0.0130 249.3525 0000383 275.2309 154.0277  1.00272702 15701
YAMAL 401               
1 40345U 14082A   19088.55952274 -.00000247  00000-0  00000-0 0  9990
2 40345   0.0161 176.5286 0001812 276.8947  24.5935  1.00270783 15480
ASTRA 2G                
1 40364U 14089A   19088.55666774  .00000131  00000-0  00000-0 0  9996
2 40364   0.0517  61.5805 0004645 338.5700  15.0780  1.00272821 15529
FENGYUN 2G              
1 40367U 14090A   19088.57085666 -.00000319  00000-0  00000-0 0  9997
2 40367   1.0529 102.8820 0001930 308.9526  79.7140  1.00279179 15602
MUOS-3                  
1 40374U 15002A   19088.45188609 -.00000146  00000-0  00000-0 0  9995
2 40374   3.3000 337.9184 0051653 177.7966 178.0108  1.00273173 15155
INMARSAT 5-F2           
1 40384U 15005A   19088.46690168 -.00000304  00000-0  00000+0 0  9993
2 40384   0.0186 178.4125 0000213 200.1891 281.0346  1.00272615 15230
ABS-3A                  
1 40424U 15010A   19088.35049326 -.00000045  00000-0  00000-0 0  9999
2 40424   0.0105 112.9502 0001772 191.0224   5.6773  1.00271784 14977
EUTELSAT 115 WEST B     
1 40425U 15010B   19088.55879269 -.00000043  00000-0  00000-0 0  9997
2 40425   0.0252  38.7657 0000586 246.0981 348.0635  1.00272018 14950
EXPRESS-AM7             
1 40505U 15012A   19088.22827211  .00000132  00000-0  00000+0 0  9999
2 40505   0.0114 158.7877 0002713 194.0653 315.6845  1.00276159 14914
IRNSS-1D                
1 40547U 15018A   19087.75414722 -.00000299  00000-0  00000-0 0  9993
2 40547  29.3892 284.5952 0022012 181.4870 103.4107  1.00282583 14545
BD-17                   
1 40549U 15019A   19088.57213898 -.00000170  00000-0  00000-0 0  9996
2 40549  53.6681 326.3277 0037217 188.0803 334.7308  1.00270228 14646
THOR 7                  
1 40613U 15022A   19088.33558872 -.00000027  00000-0  00000-0 0  9991
2 40613   0.0133 157.4097 0002585 216.4430 292.7282  1.00272455 14380
TURKMENALEM52E/MONACOSAT
1 40617U 15023A   19088.55979446  .00000085  00000-0  00000-0 0  9997
2 40617   0.0169 182.3140 0002408 208.9668  48.9423  1.00268649 14391
DIRECTV 15              
1 40663U 15026A   19088.56783559 -.00000134  00000-0  00000-0 0  9996
2 40663   0.0126 133.7732 0000558  45.9206 110.5311  1.00273082 14088
SKY MEXICO-1            
1 40664U 15026B   19088.46356376 -.00000253  00000-0  00000+0 0  9990
2 40664   0.0114 213.7247 0002537 185.0305 235.8913  1.00273324 14102
METEOSAT-11 (MSG-4)     
1 40732U 15034A   19088.33558872 -.00000024  00000-0  00000+0 0  9992
2 40732   0.9036 221.8648 0000930 114.4739 330.5394  1.00271180 13605
STAR ONE C4             
1 40733U 15034B   19088.52030140 -.00000283  00000-0  00000+0 0  9994
2 40733   0.0099 103.2426 0003256 289.0762 271.6108  1.00270301 13581
WGS F7 (USA 263)        
1 40746U 15036A   19088.58100573 -.00000001  00000-0  00000-0 0  9993
2 40746   0.0216 150.5169 0000046 207.8206 212.4737  1.00272312 13462
INTELSAT 34 (IS-34)     
1 40874U 15039A   19088.46689953 -.00000304  00000-0  00000+0 0  9994
2 40874   0.0029  90.9365 0000480  77.2486 130.9530  1.00271935 13221
EUTELSAT 8 WEST B       
1 40875U 15039B   19088.53049339 -.00000084  00000-0  00000+0 0  9996
2 40875   0.0681  17.6256 0003054   2.6007 349.3718  1.00272240 13259
GSAT-6                  
1 40880U 15041A   19088.56428326 -.00000183  00000-0  00000-0 0  9996
2 40880   0.0218 139.6753 0006805 146.7333 186.3775  1.00272133 13216
INMARSAT 5-F3           
1 40882U 15042A   19088.59071260  .00000031  00000-0  00000-0 0  9994
2 40882   0.0187 176.3351 0000806 296.3742 106.2358  1.00269882 13132
MUOS-4                  
1 40887U 15044A   19088.56616920 -.00000111  00000-0  00000-0 0  9996
2 40887   3.4822 335.7010 0057513   2.3279 127.4065  1.00272479 13136
TJS-1                   
1 40892U 15046A   19088.72551933 -.00000174  00000-0  10000-3 0  9997
2 40892   0.0411 138.7167 0003020 268.1301 196.1633  1.00273812 13119
EXPRESS-AM8             
1 40895U 15048A   19088.51591666 -.00000130  00000-0  00000-0 0  9994
2 40895   0.0286 302.0458 0001310 157.5178 258.7599  1.00271492 12931
BD-20                   
1 40938U 15053A   19088.51438123 -.00000107  00000-0  00000+0 0  9999
2 40938  53.2730 289.3001 0047528 179.8838 358.7269  1.00282881 12923
SKY MUSTER (NBN1A)      
1 40940U 15054A   19088.57905683 -.00000297  00000-0  00000-0 0  9990
2 40940   0.0129 223.4396 0001679 151.6084 160.3100  1.00272743 12851
ARSAT 2                 
1 40941U 15054B   19088.46312758 -.00000243  00000-0  00000-0 0  9995
2 40941   0.0146 205.4898 0001500 181.4824 245.2951  1.00271685 12888
MORELOS 3               
1 40946U 15056A   19088.56012675 -.00000063  00000-0  00000-0 0  9998
2 40946   5.5112 328.1584 0002069 353.4590 313.5667  1.00272244 12844
APSTAR 9                
1 40982U 15059A   19088.55134106 -.00000284  00000-0  00000+0 0  9998
2 40982   0.0160 156.2821 0001288 208.5963 162.2422  1.00273984 12713
TURKSAT 4B              
1 40984U 15060A   19088.56108625  .00000096  00000-0  00000-0 0  9991
2 40984   0.0172 151.7796 0002138 222.0978  64.7413  1.00272917 12677
CHINASAT 2C (ZX 2C)     
1 41021U 15063A   19085.91368855 -.00000344  00000-0  00000-0 0  9993
2 41021   0.0233 119.7689 0003456 259.1422 237.4300  1.00268148 12543
GSAT-15                 
1 41028U 15065A   19088.55952274 -.00000276  00000-0  00000-0 0  9993
2 41028   0.0141 172.3756 0002327 218.2122  90.9892  1.00271791 12419
BADR-7 (ARABSAT-6B)     
1 41029U 15065B   19088.55623156  .00000126  00000-0  00000-0 0  9991
2 41029   0.0385 248.1874 0002406   6.7198 157.9604  1.00273311 12329
LAOSAT 1                
1 41034U 15067A   19088.57670146 -.00000362  00000-0  00000-0 0  9995
2 41034   0.0432 342.5747 0002168 356.1089 184.0908  1.00274575 12435
TELSTAR 12V             
1 41036U 15068A   19088.45188609 -.00000137  00000-0  00000-0 0  9993
2 41036   0.0112 240.8579 0001998 138.3592 315.0211  1.00272174 12182
CHINASAT 1C (ZX 1C)     
1 41103U 15073A   19087.56239990 -.00000169  00000-0  00000-0 0  9990
2 41103   0.5824  96.9714 0003472 225.9542 146.6375  1.00270694 12229
ELEKTRO-L 2             
1 41105U 15074A   19088.56623316 -.00000115  00000-0  00000-0 0  9994
2 41105   0.1727 122.8577 0002326 274.2668  69.3449  1.00270979 12081
COSMOS 2513             
1 41121U 15075A   19088.56710552 -.00000157  00000-0  00000-0 0  9998
2 41121   0.0606 112.6879 0002846 269.7843  88.5815  1.00271433 12162
EXPRESS-AMU1            
1 41191U 15082A   19088.48650681  .00000137  00000-0  00000-0 0  9997
2 41191   0.0176 167.5979 0002618 189.6502  40.5467  1.00272487 11834
GAOFEN 4                
1 41194U 15083A   19088.60183066 -.00000354  00000-0  00000-0 0  9995
2 41194   0.0274 177.9852 0002054 349.4489 341.6260  1.00274821 12050
BELINTERSAT-1           
1 41238U 16001A   19088.48956007  .00000088  00000-0  00000-0 0  9997
2 41238   0.0290 240.5284 0001183 162.8271  10.9607  1.00269967 11821
IRNSS-1E                
1 41241U 16003A   19087.47341036 -.00000291  00000-0  00000-0 0  9998
2 41241  29.1206 103.6245 0020036 186.5126 177.5472  1.00266549 11643
INTELSAT 29E (IS-29E)   
1 41308U 16004A   19088.47410394 -.00000301  00000-0  00000+0 0  9999
2 41308   0.0229 230.5274 0001752 151.8300 284.8868  1.00272409 11716
EUTELSAT 9B             
1 41310U 16005A   19088.33750789  .00000043  00000-0  00000+0 0  9995
2 41310   0.0746  78.3400 0004831 243.7804 354.8179  1.00270629 11662
SES-9                   
1 41380U 16013A   19088.55396546 -.00000364  00000-0  00000-0 0  9990
2 41380   0.0299 258.9491 0001953 156.7304  78.6928  1.00271886 11027
EUTELSAT 65 WEST A      
1 41382U 16014A   19088.46626809 -.00000295  00000-0  00000-0 0  9994
2 41382   0.0563   6.6559 0001812  16.7836 265.7822  1.00271965 11104
IRNSS-1F                
1 41384U 16015A   19088.55745316  .00000137  00000-0  00000-0 0  9996
2 41384   2.8648 243.8484 0020942 176.7353 359.1764  1.00273779 11252
BEIDOU IGSO-6           
1 41434U 16021A   19088.39771671 -.00000119  00000-0  00000-0 0  9995
2 41434  56.4239  65.3028 0033544 202.4386 157.9736  1.00265792 11052
IRNSS-1G                
1 41469U 16027A   19088.57687594 -.00000357  00000-0  00000-0 0  9993
2 41469   2.9162 246.0094 0004831 183.5134  94.2401  1.00276675 10759
JCSAT 2B                
1 41471U 16028A   19088.48660531 -.00000184  00000-0  00000-0 0  9997
2 41471   0.0142 191.1767 0001972 184.1770 140.3964  1.00271945 10675
THAICOM 8               
1 41552U 16031A   19088.57972411 -.00000140  00000-0  00000-0 0  9996
2 41552   0.0692  46.6939 0004335 340.7151  86.4852  1.00272842 10289
INTELSAT 31 (IS-31)     
1 41581U 16035A   19088.46333987 -.00000170  00000-0  00000+0 0  9991
2 41581   0.0158 223.7159 0002510 337.6488  56.9333  1.00274749 10252
BD-2-G7                 
1 41586U 16037A   19088.55396546 -.00000372  00000-0  00000-0 0  9993
2 41586   0.8016  31.2560 0009216   9.8103  95.4204  1.00278829 10357
ABS-2A (MONGOLSAT-1)    
1 41588U 16038A   19088.58772333 -.00000102  00000-0  00000-0 0  9992
2 41588   0.0173 176.1619 0001945 127.3460 169.4441  1.00271694 10271
EUTELSAT 117 WEST B     
1 41589U 16038B   19088.58709903 -.00000030  00000-0  00000-0 0  9996
2 41589   0.0288  39.1765 0000187 287.6200 314.2511  1.00272106 10242
BRISAT                  
1 41591U 16039A   19088.48660531 -.00000215  00000-0  00000+0 0  9996
2 41591   0.0216 205.1214 0002236 169.0535 138.0930  1.00269994 10205
ECHOSTAR 18             
1 41592U 16039B   19088.46273045 -.00000300  00000-0  00000-0 0  9991
2 41592   0.0200 172.7793 0001401 207.4860 271.5403  1.00268016 10191
MUOS-5                  
1 41622U 16041A   19088.56628934 -.00000193  00000-0  00000-0 0  9990
2 41622   8.1584 311.8305 0200504 206.3624 127.3042  1.00271555 10644
TIANTONG-1 1            
1 41725U 16048A   19088.58177722 -.00000336  00000-0  00000-0 0  9996
2 41725   3.6348 328.2702 0006549  48.3460 120.8594  1.00274765  9839
JCSAT-16                
1 41729U 16050A   19088.50639659 -.00000325  00000-0  00000+0 0  9994
2 41729   0.0131 142.1162 0002167 216.0964 146.7071  1.00272087  9632
INTELSAT 36 (IS-36)     
1 41747U 16053A   19088.56475015 -.00000043  00000-0  00000-0 0  9995
2 41747   0.0127 168.4823 0000719 213.2719  76.7169  1.00270316  9532
INTELSAT 33E (IS-33E)   
1 41748U 16053B   19088.60041609  .00000031  00000-0  00000-0 0  9995
2 41748   0.0075 160.8386 0001903 226.2948  75.7143  1.00270851  9826
INSAT-3DR               
1 41752U 16054A   19088.58694140 -.00000096  00000-0  00000-0 0  9994
2 41752   0.0999  95.8501 0011746 186.5117 189.5963  1.00273274  9370
GSAT-18                 
1 41793U 16060A   19088.58694303 -.00000096  00000-0  00000-0 0  9997
2 41793   0.0606  98.5563 0000969 320.2174  53.1902  1.00272697  9101
SKY MUSTER 2            
1 41794U 16060B   19088.50814130 -.00000263  00000-0  00000+0 0  9997
2 41794   0.0126 220.5591 0001478 156.5274 137.2505  1.00272324  9137
HIMAWARI-9              
1 41836U 16064A   19088.57914406 -.00000293  00000-0  00000-0 0  9996
2 41836   0.0185 149.8375 0000607 267.0732 119.0220  1.00272593  8759
SHIJIAN-17 (SJ-17)      
1 41838U 16065A   19088.68682638 -.00000285  00000-0  00000+0 0  9990
2 41838   0.5827  97.2612 0002862 300.1411 131.1033  1.00279105  8794
GOES 16                 
1 41866U 16071A   19088.52150251 -.00000267  00000-0  00000-0 0  9993
2 41866   0.0142 359.8281 0001036  71.0995 228.2261  1.00272598  8679
TIANLIAN 1-04           
1 41869U 16072A   19088.56640763 -.00000126  00000-0  00000-0 0  9997
2 41869   1.2536 284.6241 0013750 148.3175  34.5834  1.00270725  8873
WGS F8 (USA 272)        
1 41879U 16075A   19088.48660531 -.00000221  00000-0  00000-0 0  9993
2 41879   0.0046 182.9756 0000286 204.6253 123.9457  1.00272110  8404
FENGYUN 4A              
1 41882U 16077A   19088.60531670 -.00000348  00000-0  00000-0 0  9994
2 41882   0.2353 286.2844 0005064 218.1086   4.7375  1.00274268  8546
ECHOSTAR 19             
1 41893U 16079A   19088.57037512 -.00000157  00000-0  00000-0 0  9998
2 41893   0.0154 197.3050 0001388 182.3927 275.1943  1.00271781  8279
JCSAT-15                
1 41903U 16082A   19088.59729958 -.00000369  00000-0  00000-0 0  9993
2 41903   0.0105 231.3083 0001407 151.9334 128.5368  1.00270817  8325
STAR ONE D1             
1 41904U 16082B   19088.46251694 -.00000229  00000-0  00000+0 0  9991
2 41904   0.0098 114.3636 0002199 263.7871 250.9097  1.00272594  8343
TJS-2                   
1 41911U 17001A   19088.67896479 -.00000361  00000-0  00000+0 0  9997
2 41911   0.0942 287.9628 0006283  49.0410 201.6803  1.00276488  8297
SBIRS GEO-3 (USA 273)   
1 41937U 17004A   19088.60985637  .00000108  00000-0  00000-0 0  9995
2 41937   4.6693 312.5525 0002014  68.3409 225.9399  1.00273147  8163
HISPASAT 36W-1          
1 41942U 17006A   19088.40031774 -.00000263  00000-0  00000+0 0  9997
2 41942   0.0083  32.6687 0000948 345.2108 276.7237  1.00273100  8083
TELKOM 3S               
1 41944U 17007A   19088.54840840 -.00000381  00000-0  00000-0 0  9999
2 41944   0.0199 173.0357 0002422 217.3007 111.7579  1.00268947  7701
INTELSAT 32E (IS-32E)   
1 41945U 17007B   19088.47062987 -.00000288  00000-0  00000+0 0  9995
2 41945   0.0188 173.0757 0000042 242.2576 257.4737  1.00272195  7803
ECHOSTAR 23             
1 42070U 17014A   19088.44896006 -.00000292  00000-0  00000-0 0  9993
2 42070   0.0217 177.5324 0001777 187.0715 298.6835  1.00268772  7501
WGS F9 (USA 275)        
1 42075U 17016A   19088.56239479  .00000055  00000-0  00000-0 0  9994
2 42075   0.0085 205.4280 0000637 233.5473   6.9354  1.00271034  7458
SES-10                  
1 42432U 17017A   19088.45540441 -.00000291  00000-0  00000+0 0  9996
2 42432   0.0163 161.8519 0002626 228.0911 253.6664  1.00270049  7313
CHINASAT 16 (SJ-13)     
1 42662U 17018A   19088.59730003 -.00000371  00000-0  00000-0 0  9992
2 42662   0.0705  93.3151 0004457 165.8264 253.0420  1.00275625  7290
KOREASAT 7              
1 42691U 17023A   19088.63665904 -.00000380  00000-0  00000-0 0  9992
2 42691   0.0105 136.0235 0001405 227.6727 168.1310  1.00273001  6946
SGDC                    
1 42692U 17023B   19087.69181027 -.00000268  00000-0  00000-0 0  9992
2 42692   0.0312  77.2552 0002315 306.7392 335.9986  1.00271909  6985
GSAT-9                  
1 42695U 17024A   19088.55952274 -.00000305  00000-0  00000-0 0  9994
2 42695   0.0204 231.3687 0002510 135.4964 118.5451  1.00273963  6893
INMARSAT 5-F4           
1 42698U 17025A   19088.56230755  .00000057  00000-0  00000-0 0  9995
2 42698   0.0225 175.8528 0000482 297.8128 331.9099  1.00268925  6820
SES-15                  
1 42709U 17026A   19088.63900484  .00000042  00000-0  00000-0 0  9994
2 42709   0.0191 174.1737 0001294 251.3157 222.1392  1.00269363  7711
QZS-2  (MICHIBIKI-2)    
1 42738U 17028A   19088.39771368 -.00000190  00000-0  00000-0 0  9993
2 42738  43.7336 280.6210 0741281 270.8057 277.5617  1.00260864  6708
VIASAT-2                
1 42740U 17029A   19088.52134314 -.00000283  00000-0  00000-0 0  9999
2 42740   0.0184 178.5653 0000316 303.7661 182.0503  1.00271886  6753
EUTELSAT 172B           
1 42741U 17029B   19088.57940131 -.00000024  00000-0  00000+0 0  9999
2 42741   0.0148 133.6954 0000249 335.6158  97.9403  1.00272113  7264
GSAT-19                 
1 42747U 17031A   19088.48886218  .00000107  00000-0  00000+0 0  9994
2 42747   0.0473 112.4488 0005203 280.3987  17.5900  1.00271410  6694
ECHOSTAR 21             
1 42749U 17032A   19088.33776959  .00000043  00000-0  00000-0 0  9991
2 42749   6.3653 315.2900 0002102  68.7612 294.2215  1.00273482  6677
CHINASAT 9A (ZX 9A)     
1 42763U 17035A   19088.60940294 -.00000332  00000-0  00000-0 0  9997
2 42763   0.0424 256.5849 0004873 172.4063  78.5492  1.00274648  7215
BULGARIASAT-1           
1 42801U 17038A   19088.33611212 -.00000008  00000-0  00000-0 0  9998
2 42801   0.0371 108.7530 0002553 264.4152 296.1629  1.00271838  6394
HELLAS-SAT 3            
1 42814U 17040A   19088.55881812  .00000134  00000-0  00000-0 0  9993
2 42814   0.0865  51.8093 0004694 325.0196  50.0146  1.00269289  6453
GSAT-17                 
1 42815U 17040B   19088.55952274 -.00000277  00000-0  00000-0 0  9994
2 42815   0.0326 122.3985 0003902 180.4308 178.7707  1.00272651  6389
INTELSAT 35E (IS-35E)   
1 42818U 17041A   19088.47237459 -.00000256  00000-0  00000-0 0  9997
2 42818   0.0222 213.9939 0002045 172.2838 295.8449  1.00272424  6435
COSMOS 2520             
1 42907U 17046A   19088.56003942  .00000118  00000-0  00000+0 0  9994
2 42907   0.0164 137.8984 0002617 355.5371 299.9284  1.00271734  5957
TDRS 13                 
1 42915U 17047A   19088.40520295 -.00000119  00000-0  00000+0 0  9994
2 42915   6.2407 330.6304 0015481  74.2322 276.0112  1.00272763  5934
QZS-3 (MICHIBIKI-3)     
1 42917U 17048A   19088.57643976 -.00000367  00000-0  00000-0 0  9993
2 42917   0.0447 180.1982 0002285 211.7757 129.1817  1.00276403  5823
AMAZONAS 5              
1 42934U 17053A   19088.46272166 -.00000301  00000-0  00000+0 0  9992
2 42934   0.0402 324.3913 0004600  41.2225 286.5189  1.00273063  5681
ASIASAT 9               
1 42942U 17057A   19087.42691439 -.00000379  00000-0  00000-0 0  9994
2 42942   0.0016 141.3143 0002503 219.7646 100.2368  1.00270295  5496
INTELSAT 37E (IS-37E)   
1 42950U 17059A   19088.45743747 -.00000159  00000-0  00000+0 0  9994
2 42950   0.0007 192.2759 0002258 202.3471 298.5959  1.00272315  5609
BSAT-4A                 
1 42951U 17059B   19088.59730111 -.00000369  00000-0  00000-0 0  9995
2 42951   0.0625  48.7345 0005209 349.5105 113.3180  1.00270979  5377
QZS-4 (MICHIBIKI-4)     
1 42965U 17062A   19088.62208389 -.00000340  00000-0  00000-0 0  9994
2 42965  40.7271  17.5092 0748903 270.1236 261.2817  1.00285376  5380
SES-11 (ECHOSTAR 105)   
1 42967U 17063A   19088.56516281 -.00000108  00000-0  00000-0 0  9995
2 42967   0.0095 184.3358 0002282 190.4870 270.3446  1.00273015  5379
KOREASAT 5A             
1 42984U 17067A   19088.61899317 -.00000377  00000-0  00000-0 0  9996
2 42984   0.0131 148.9288 0001268 255.0056 118.7542  1.00271151  5106
ALCOMSAT 1              
1 43039U 17078A   19088.48617039 -.00000205  00000-0  00000+0 0  9993
2 43039   0.0179  88.8296 0002968 321.0794 286.9045  1.00271241  4848
SBIRS GEO-4 (USA 282)   
1 43162U 18009A   19088.57879512 -.00000312  00000-0  00000-0 0  9991
2 43162   5.7842 318.6325 0002097  61.2811 154.1028  1.00272146  4401
AL YAH 3                
1 43174U 18012A   19088.40345823 -.00000174  00000-0  00000+0 0  9998
2 43174   0.0205 257.6696 0001868 128.2353 285.7353  1.00274910  4401
SES-14                  
1 43175U 18012B   19088.46975751 -.00000297  00000-0  00000-0 0  9991
2 43175   0.0176 176.6399 0000962 226.3802 265.1654  1.00269556  4633
GOES 17                 
1 43226U 18022A   19088.41646561  .00000079  00000-0  00000+0 0  9994
2 43226   0.0396   8.2191 0003229  22.9101 168.1016  1.00272128  3996
HISPASAT 30W-6          
1 43228U 18023A   19088.46299458 -.00000235  00000-0  00000+0 0  9996
2 43228   0.0474  30.4067 0005836 356.9983 295.8028  1.00271841  4058
SUPERBIRD 8             
1 43271U 18033A   19088.60637074 -.00000111  00000-0  00000-0 0  9995
2 43271   0.0145 226.7442 0001338 179.2541 160.9871  1.00272688  3627
HYLAS 4                 
1 43272U 18033B   19088.47263630 -.00000252  00000-0  00000+0 0  9999
2 43272   0.0646 122.7442 0001973  19.0771 181.3634  1.00272767  3644
IRNSS-1I                
1 43286U 18035A   19086.66642656  .00000092  00000-0  00000+0 0  9995
2 43286  29.1085 117.0317 0020906 190.6655 172.2476  1.00279067  3610
COSMOS 2526             
1 43432U 18037A   19088.57661422 -.00000363  00000-0  00000-0 0  9997
2 43432   0.0212 134.5673 0001746 266.0608 121.6799  1.00269976  3545
APSTAR 6C               
1 43450U 18041A   19088.57783553 -.00000336  00000-0  00000-0 0  9992
2 43450   0.0252 125.9744 0002747 296.4061 106.3288  1.00272113  3397
BANGABANDHUSAT-1        
1 43463U 18044A   19088.54840840 -.00000381  00000-0  00000-0 0  9999
2 43463   0.0197 209.3685 0002523 180.5459 113.2545  1.00272074  3283
SES-12                  
1 43488U 18049A   19088.60394424 -.00000288  00000-0  00000-0 0  9996
2 43488   0.0008 339.2479 0001086 209.3143 310.5483  1.00272518  3015
FENGYUN 2H              
1 43491U 18050A   19088.57972397 -.00000146  00000-0  00000-0 0  9992
2 43491   1.6935 282.8800 0001803 236.3017 315.2223  1.00269731  3076
BEIDOU IGSO-7           
1 43539U 18057A   19088.06459382 -.00000164  00000-0  00000+0 0  9999
2 43539  55.0391 186.3607 0022164 184.8694 308.7068  1.00252680  2711
TELSTAR 19V             
1 43562U 18059A   19088.50603312 -.00000298  00000-0  00000+0 0  9998
2 43562   0.0115 170.1048 0000568 288.0162 207.6637  1.00271611  2727
TELKOM 4 (MERAH PUTIH)  
1 43587U 18064A   19088.60667718 -.00000363  00000-0  00000-0 0  9996
2 43587   0.0187 209.1306 0001287 183.0600 120.8945  1.00271397  2430
TELSTAR 18V (APSTAR 5C) 
1 43611U 18069A   19088.57862065 -.00000313  00000-0  00000-0 0  9992
2 43611   0.0137 157.6507 0003091 197.2156 178.1167  1.00268548  2190
AZERSPACE 2 (IS-38)     
1 43632U 18074A   19088.56003942  .00000118  00000-0  00000-0 0  9993
2 43632   0.0147 146.3729 0002318 302.7011 344.1812  1.00272984  2077
HORIZONS 3E             
1 43633U 18074B   19088.57656355 -.00000049  00000-0  00000-0 0  9991
2 43633   0.0399   9.3558 0000082 107.9019  85.9581  1.00272548  1926
AEHF-4 (USA 288)        
1 43651U 18079A   19088.44290635 -.00000181  00000-0  00000-0 0  9994
2 43651   4.7553 311.9954 0004155  52.2524 247.5881  1.00273856  1853
BEIDOU-3 G1             
1 43683U 18085A   19088.65279488 -.00000268  00000-0  00000-0 0  9998
2 43683   2.7604 271.1405 0001421 102.1782 192.8569  1.00267238  1622
GSAT-29                 
1 43698U 18089A   19088.49025795  .00000066  00000-0  00000+0 0  9994
2 43698   0.0316 257.3287 0002114 112.4696  48.3152  1.00274596  1382
ES'HAIL 2               
1 43700U 18090A   19088.55623156  .00000126  00000-0  00000-0 0  9990
2 43700   0.0151 148.1826 0001773 263.2928   1.2313  1.00271791  1237
GEO-KOMPSAT-2A          
1 43823U 18100A   19088.57670146 -.00000362  00000-0  00000-0 0  9994
2 43823   0.0303  22.1667 0002002  44.0540  96.3373  1.00273008  1185
GSAT-11                 
1 43824U 18100B   19088.58772615 -.00000095  00000-0  00000-0 0  9993
2 43824   0.0351 246.0371 0006119 173.2935  52.8957  1.00272467  1121
GSAT-7A                 
1 43864U 18105A   19088.56361609  .00000008  00000-0  00000-0 0  9990
2 43864   0.0499  33.4875 0002360 351.3408  67.4462  1.00271117  1059
COSMOS 2533             
1 43867U 18107A   19088.52549282 -.00000057  00000-0  00000-0 0  9991
2 43867   0.0042 180.3988 0001575 213.6971  51.6628  1.00273353   990
TJS-3                   
1 43874U 18110A   19088.69409219  .00000039  00000-0  00000+0 0  9994
2 43874   0.1163 123.5250 0002015 252.9231 119.2646  1.00268876  1041
TJS-3 AKM               
1 43917U 18110C   19088.69409219  .00000038  00000-0  00000+0 0  9991
2 43917   0.1173 123.5853 0001958 249.7496 122.4499  1.00268295   924
CHINASAT 2D (ZX 2D)     
1 43920U 19001A   19088.58810198 -.00000356  00000-0  00000-0 0  9990
2 43920   0.0393  95.9674 0001171 288.3962 144.0249  1.00274347   937
GSAT-31                 
1 44035U 19007B   19088.56065007  .00000107  00000-0  00000-0 0  9996
2 44035   0.0487 287.5105 0003070  41.4695 107.3652  1.00272015   534
NUSANTARA SATU          
1 44048U 19009A   19088.65410420 -.00000255  00000-0  00000-0 0  9990
2 44048   0.0368 283.5892 0002330 116.9049 167.5965  1.00270122   334
