STARLETTE               
1 07646U 75010A   19088.45144818 -.00000148  00000-0 -37934-5 0  9993
2 07646  49.8240  71.8117 0205716 352.8322   6.9644 13.82305810229815
LAGEOS 1                
1 08820U 76039A   19088.49735387 -.00000019  00000-0  00000-0 0  9996
2 08820 109.8617 356.1749 0044434 147.0630  94.2203  6.38665047745064
AJISAI (EGS)            
1 16908U 86061A   19088.54584284 -.00000091  00000-0  47126-4 0  9996
2 16908  50.0110 334.7900 0011280 310.0777 118.9155 12.44489345152211
LAGEOS 2                
1 22195U 92070B   19088.54273859 -.00000009  00000-0  00000-0 0  9996
2 22195  52.6447 132.9890 0138829 114.3604 321.4960  6.47294151624940
STELLA                  
1 22824U 93061B   19088.58676229 -.00000049  00000-0 -91661-6 0  9992
2 22824  98.9153  64.4545 0005840 327.2250 128.1895 14.27376417328639
LARES                   
1 38077U 12006A   19088.42078810 -.00000024  00000-0  87961-4 0  9992
2 38077  69.4923 116.0747 0008430 354.8557   5.2379 12.54931351326357
