COSMOS 2425 (716)       
1 29670U 06062A   19051.52980436  .00000031  00000-0  10000-3 0  9999
2 29670  65.1600 284.1376 0023065 347.6540 166.4424  2.13105308 94609
COSMOS 2426 (717)       
1 29671U 06062B   19051.29256796  .00000034  00000-0  10000-3 0  9992
2 29671  65.1762 284.2504 0016379 161.3877  24.7266  2.13103189 94602
COSMOS 2433 (720)       
1 32275U 07052A   19052.25188147 -.00000027  00000-0  10000-3 0  9990
2 32275  65.8031  45.0157 0005354 271.4016 266.9902  2.13104512 88137
COSMOS 2432 (719)       
1 32276U 07052B   19051.88221361 -.00000025  00000-0  10000-3 0  9993
2 32276  65.8156  45.1075 0012848 322.3303 243.8019  2.13103878 88123
COSMOS 2434 (721)       
1 32393U 07065A   19051.63386233  .00000030  00000-0  00000-0 0  9991
2 32393  64.7747 282.9915 0004405  83.2867 228.5111  2.13103008 86822
COSMOS 2436 (723)       
1 32395U 07065C   19051.10325868  .00000037  00000-0  10000-3 0  9993
2 32395  64.7838 283.0616 0017306   2.7633 313.6791  2.13104349 86746
COSMOS 2456 (730)       
1 36111U 09070A   19051.58643466  .00000013  00000-0  00000+0 0  9999
2 36111  64.1950 162.6115 0003546 330.3422 117.9388  2.13102863 71490
COSMOS 2457 (733)       
1 36112U 09070B   19051.63139624  .00000013  00000-0  00000-0 0  9993
2 36112  64.1780 162.5152 0006229 157.5705  90.8404  2.13101531 71495
COSMOS 2458 (734)       
1 36113U 09070C   19051.72875557  .00000014  00000-0  10000-3 0  9991
2 36113  64.1832 162.5260 0002545  43.1404 319.8469  2.13091800 71501
COSMOS 2459 (731)       
1 36400U 10007A   19051.52677016 -.00000024  00000-0  10000-3 0  9992
2 36400  65.7099  44.0700 0027524 345.3935 213.5953  2.13102274 69845
COSMOS 2461 (735)       
1 36401U 10007B   19051.85774789 -.00000026  00000-0  10000-3 0  9996
2 36401  65.7025  44.0323 0004859  43.8628 319.5751  2.13102198 69850
COSMOS 2460 (732)       
1 36402U 10007C   19051.50613282 -.00000024  00000-0  10000-3 0  9997
2 36402  65.6921  44.0092 0002744 285.1408 208.7119  2.13101619 69849
COSMOS 2464 (736)       
1 37139U 10041C   19051.63313356  .00000030  00000-0  00000+0 0  9997
2 37139  64.3751 282.6711 0026437  13.3938 164.9723  2.13100542 65918
COSMOS 2471 (701K)      
1 37372U 11009A   19051.74813517 -.00000026  00000-0  00000-0 0  9994
2 37372  65.6894  43.9445 0010022 241.4734 227.3889  2.13107649 62124
COSMOS 2474 (742)       
1 37829U 11055A   19051.61970359  .00000013  00000-0  00000+0 0  9990
2 37829  64.5170 163.4320 0007685 242.2611  88.5100  2.13101871 57487
COSMOS 2476 (744)       
1 37867U 11064A   19051.58654620  .00000013  00000-0  00000+0 0  9998
2 37867  64.4982 163.4890 0017665 237.9805 113.4573  2.13101946 56839
COSMOS 2477 (745)       
1 37868U 11064B   19051.69263542  .00000014  00000-0  00000-0 0  9992
2 37868  64.5066 163.5359 0015399 238.7695  12.8248  2.13101750 56792
COSMOS 2475 (743)       
1 37869U 11064C   19051.49528600  .00000013  00000-0  00000-0 0  9999
2 37869  64.5136 163.5401 0019404 264.9006 152.2761  2.13101924 56801
COSMOS 2485 (747)       
1 39155U 13019A   19051.50373378  .00000013  00000-0  00000-0 0  9993
2 39155  64.6668 163.6550 0018228 232.8820  99.8170  2.13101886 45309
COSMOS 2492 (754)       
1 39620U 14012A   19051.63624176 -.00000026  00000-0  10000-3 0  9992
2 39620  65.5836  43.8546 0016498 321.9268 147.4366  2.13103251 38262
COSMOS 2500 (755)       
1 40001U 14032A   19051.50550929 -.00000025  00000-0  00000-0 0  9994
2 40001  65.5253  43.8106 0007241 229.5767   1.1677  2.13102759 36479
COSMOS 2501 (702K)      
1 40315U 14075A   19051.70765171  .00000027  00000-0  00000+0 0  9998
2 40315  64.0974 283.7930 0014635 207.1924 337.6978  2.13098584 32885
COSMOS 2514 (751)       
1 41330U 16008A   19051.71181291 -.00000027  00000-0  00000-0 0  9992
2 41330  65.3264  43.7950 0010906 230.4309 340.0289  2.13103186 23640
COSMOS 2516 (753)       
1 41554U 16032A   19051.58452429  .00000029  00000-0  00000-0 0  9997
2 41554  64.3232 283.7317 0010607 220.4353 143.0645  2.13101812 21257
COSMOS 2522 (752)       
1 42939U 17055A   19051.47718057  .00000031  00000-0  00000+0 0  9993
2 42939  64.5506 283.7758 0005505 254.5238 253.0877  2.13101599 11004
