IRIDIUM 106             
1 41917U 17003A   19051.70540002  .00000084  00000-0  22920-4 0  9998
2 41917  86.3982 125.7583 0002578  87.6304 272.5187 14.34216487110016
IRIDIUM 103             
1 41918U 17003B   19051.69270812  .00000089  00000-0  24865-4 0  9991
2 41918  86.3982 125.6724 0002676 105.0702 255.0790 14.34220084110046
IRIDIUM 109             
1 41919U 17003C   19051.69905638  .00000071  00000-0  18198-4 0  9996
2 41919  86.3983 125.6850 0002375  97.9600 262.1865 14.34217255110004
IRIDIUM 102             
1 41920U 17003D   19051.66735181  .00000082  00000-0  22363-4 0  9990
2 41920  86.3981 125.6794 0002151 102.6954 257.4482 14.34218893110088
IRIDIUM 105             
1 41921U 17003E   19051.63841754  .00000076  00000-0  20191-4 0  9992
2 41921  86.3942  94.0445 0003527  80.5053 279.6541 14.34218665111934
IRIDIUM 104             
1 41922U 17003F   19051.74980342  .00000078  00000-0  20612-4 0  9992
2 41922  86.3982 125.6465 0002643  91.6003 268.5495 14.34216936110087
IRIDIUM 114             
1 41923U 17003G   19051.75613731  .00000090  00000-0  25055-4 0  9999
2 41923  86.3982 125.6348 0002044  90.5122 269.6308 14.34218554110086
IRIDIUM 108             
1 41924U 17003H   19051.64489328  .00000086  00000-0  23811-4 0  9994
2 41924  86.3936  94.0958 0002433  83.4157 276.7315 14.34218685111929
IRIDIUM 112             
1 41925U 17003J   19051.67368240  .00000076  00000-0  20147-4 0  9995
2 41925  86.3978 125.6382 0001730  95.9977 264.1416 14.34219035110084
IRIDIUM 111             
1 41926U 17003K   19051.66100423  .00000084  00000-0  23075-4 0  9994
2 41926  86.3980 125.6564 0002562 100.4400 259.7084 14.34217783110053
IRIDIUM 113             
1 42803U 17039A   19051.92003681  .00000068  00000-0  17379-4 0  9997
2 42803  86.4013 359.1486 0002630  91.5457 268.6040 14.34219041 88022
IRIDIUM 123             
1 42804U 17039B   19051.96151560  .00000045  00000-0  90325-5 0  9990
2 42804  86.3974  30.7122 0002237  94.1983 265.9468 14.34216507 86793
IRIDIUM 120             
1 42805U 17039C   19051.91369668  .00000064  00000-0  15779-4 0  9996
2 42805  86.4001 359.2801 0002739  90.2074 269.9436 14.34216226 88018
IRIDIUM 115             
1 42806U 17039D   19051.92938591  .00000049  00000-0  84241-5 0  9999
2 42806  86.4540 358.9895 0001564 174.1810 185.9409 14.43279529 88686
IRIDIUM 118             
1 42807U 17039E   19051.92345904  .00000045  00000-0  90594-5 0  9994
2 42807  86.3973  30.7369 0001823  95.7190 264.4213 14.34216662 86788
IRIDIUM 117             
1 42808U 17039F   19051.94248949  .00000043  00000-0  84222-5 0  9997
2 42808  86.3972  30.7098 0002794  84.0684 276.0830 14.34216268 86814
IRIDIUM 126             
1 42809U 17039G   19051.89808565  .00000009  00000-0 -37308-5 0  9994
2 42809  86.3973  30.7381 0002293  89.7687 270.3772 14.34216197 86790
IRIDIUM 124             
1 42810U 17039H   19051.80310129  .00000097  00000-0  22755-4 0  9996
2 42810  86.4522 327.5881 0003204  49.6576 310.4905 14.43603410 89515
IRIDIUM 128             
1 42811U 17039J   19051.95861635  .00000072  00000-0  18470-4 0  9998
2 42811  86.3935  62.2818 0003092 104.5771 255.5768 14.34217908 86829
IRIDIUM 121             
1 42812U 17039K   19051.91711704  .00000052  00000-0  11681-4 0  9991
2 42812  86.3975  30.7436 0002263  92.5834 267.5621 14.34217467 86668
IRIDIUM 133             
1 42955U 17061A   19051.85077315  .00000075  00000-0  19555-4 0  9993
2 42955  86.3936  62.3824 0002599 101.7605 258.3882 14.34217753 71609
IRIDIUM 100             
1 42956U 17061B   19051.63512443  .00000073  00000-0  18957-4 0  9999
2 42956  86.3935  62.4553 0002310  89.3308 270.8152 14.34217893 71593
IRIDIUM 122             
1 42957U 17061C   19051.95226268  .00000078  00000-0  20751-4 0  9992
2 42957  86.3934  62.3176 0002941 102.6256 257.5269 14.34218954 71628
IRIDIUM 129             
1 42958U 17061D   19051.69855386  .00000076  00000-0  19908-4 0  9993
2 42958  86.3935  62.4615 0002579  99.8065 260.3422 14.34217599 71606
IRIDIUM 119             
1 42959U 17061E   19051.94592116  .00000070  00000-0  17872-4 0  9993
2 42959  86.3936  62.3406 0002471 102.5350 257.6122 14.34218357 71659
IRIDIUM 107             
1 42960U 17061F   19051.96493809  .00000067  00000-0  16735-4 0  9999
2 42960  86.3936  62.3372 0002381  90.7670 269.3799 14.34218794 71673
IRIDIUM 132             
1 42961U 17061G   19051.62243892  .00000074  00000-0  19383-4 0  9998
2 42961  86.3936  62.4742 0002636  88.4586 271.6912 14.34217894 71616
IRIDIUM 136             
1 42962U 17061H   19051.93321931  .00000077  00000-0  20334-4 0  9995
2 42962  86.3936  62.3430 0002311 103.0993 257.0460 14.34220256 71674
IRIDIUM 139             
1 42963U 17061J   19051.93956317  .00000068  00000-0  17287-4 0  9991
2 42963  86.3938  62.3591 0002450  92.6618 267.4858 14.34219390 71680
IRIDIUM 125             
1 42964U 17061K   19051.57804130  .00000075  00000-0  19861-4 0  9995
2 42964  86.3939  62.5232 0002387  91.2773 268.8696 14.34219124 71648
IRIDIUM 135             
1 43070U 17083A   19051.90101445  .00000058  00000-0  13811-4 0  9994
2 43070  86.4007 359.1696 0001976  72.3669 287.7742 14.34217292 60981
IRIDIUM 138             
1 43071U 17083B   19051.92638136  .00000055  00000-0  12603-4 0  9994
2 43071  86.3996 359.1193 0002275  90.6965 269.4491 14.34219294 60976
IRIDIUM 116             
1 43072U 17083C   19051.89468110  .00000061  00000-0  14858-4 0  9995
2 43072  86.4006 359.1898 0001769  87.5151 272.6247 14.34217673 61000
IRIDIUM 130             
1 43073U 17083D   19051.93272839  .00000052  00000-0  11391-4 0  9991
2 43073  86.4015 359.1861 0002133  90.6994 269.4446 14.34218548 60957
IRIDIUM 151             
1 43074U 17083E   19051.90735347  .00000052  00000-0  11564-4 0  9999
2 43074  86.4008 359.1805 0001742  90.6583 269.4812 14.34218011 60971
IRIDIUM 134             
1 43075U 17083F   19051.94540529  .00000062  00000-0  14918-4 0  9997
2 43075  86.4009 359.1347 0002454  81.8391 278.3083 14.34217214 60944
IRIDIUM 137             
1 43076U 17083G   19051.88833260  .00000053  00000-0  11905-4 0  9991
2 43076  86.4011 359.2035 0001654  93.1272 267.0113 14.34218257 61003
IRIDIUM 141             
1 43077U 17083H   19051.95174641  .00000049  00000-0  10322-4 0  9998
2 43077  86.4007 359.1535 0002079  93.6268 266.5165 14.34216073 61011
IRIDIUM 153             
1 43078U 17083J   19051.83415823  .00000085  00000-0  23348-4 0  9998
2 43078  86.4003 327.6165 0002765 109.1257 251.0238 14.34219191 62105
IRIDIUM 131             
1 43079U 17083K   19051.93907951  .00000062  00000-0  15054-4 0  9998
2 43079  86.4012 359.1659 0002303  89.0201 271.1259 14.34218254 60942
IRIDIUM 144             
1 43249U 18030A   19051.84049872  .00000073  00000-0  18851-4 0  9999
2 43249  86.4001 327.6224 0002415  75.6691 284.4772 14.34217568 46987
IRIDIUM 149             
1 43250U 18030B   19051.84684778  .00000074  00000-0  19418-4 0  9992
2 43250  86.4000 327.6153 0002294  70.7741 289.3703 14.34217236 46986
IRIDIUM 157             
1 43251U 18030C   19051.86588478  .00000073  00000-0  19050-4 0  9996
2 43251  86.4002 327.6008 0001852  98.9169 261.2237 14.34218864 46960
IRIDIUM 140             
1 43252U 18030D   19051.81512943  .00000075  00000-0  19785-4 0  9993
2 43252  86.4002 327.6356 0003123  65.5601 294.5921 14.34218957 47010
IRIDIUM 145             
1 43253U 18030E   19051.80244077  .00000075  00000-0  19880-4 0  9999
2 43253  86.4001 327.6247 0002271  40.2738 319.8626 14.34218222 46942
IRIDIUM 146             
1 43254U 18030F   19051.85319833  .00000078  00000-0  20686-4 0  9997
2 43254  86.4001 327.6211 0001912  71.1868 288.9535 14.34217126 46961
IRIDIUM 148             
1 43255U 18030G   19051.82147518  .00000068  00000-0  17380-4 0  9990
2 43255  86.4002 327.6394 0001780  85.1643 274.9756 14.34217150 46994
IRIDIUM 142             
1 43256U 18030H   19051.85953073  .00000078  00000-0  20937-4 0  9998
2 43256  86.3999 327.6116 0002036  82.8366 277.3061 14.34218889 46965
IRIDIUM 150             
1 43257U 18030J   19051.82781777  .00000080  00000-0  21645-4 0  9996
2 43257  86.4002 327.6550 0002222  80.7779 279.3668 14.34216669 46987
IRIDIUM 143             
1 43258U 18030K   19051.94832044  .00000082  00000-0  22311-4 0  9997
2 43258  86.4005 327.5858 0002109  60.8142 299.3265 14.34216031 46931
IRIDIUM 161             
1 43478U 18047C   19051.70252658  .00000072  00000-0  15479-4 0  9996
2 43478  86.4504 125.8061 0002550 101.4824 258.6663 14.43282177 39524
IRIDIUM 152             
1 43479U 18047D   19051.85127860  .00000078  00000-0  20850-4 0  9994
2 43479  86.3977 125.6225 0001906  94.0884 266.0530 14.34216520 39328
IRIDIUM 147             
1 43480U 18047E   19051.71807481  .00000073  00000-0  18995-4 0  9997
2 43480  86.3978 125.6378 0002254 104.1850 255.9596 14.34219226 39294
IRIDIUM 110             
1 43481U 18047F   19051.72441601  .00000075  00000-0  19818-4 0  9994
2 43481  86.3981 125.6553 0002574  90.1679 269.9812 14.34219283 39280
IRIDIUM 162             
1 43482U 18047G   19051.69622243  .00000096  00000-0  22439-4 0  9990
2 43482  86.4503 125.7371 0002705  99.5574 260.5933 14.43281224 39515
IRIDIUM 160             
1 43569U 18061A   19052.15863545  .00000077  00000-0  20288-4 0  9995
2 43569  86.3938  93.8307 0002002  97.9712 262.1711 14.34218868 30249
IRIDIUM 166             
1 43570U 18061B   19051.62585825  .00000077  00000-0  20605-4 0  9993
2 43570  86.3937  94.0409 0002344  87.4762 272.6702 14.34220290 30196
IRIDIUM 158             
1 43571U 18061C   19051.66391138  .00000078  00000-0  20794-4 0  9990
2 43571  86.3937  94.0320 0001997  86.5870 273.5554 14.34219024 30167
IRIDIUM 165             
1 43572U 18061D   19051.61953210  .00000071  00000-0  18208-4 0  9991
2 43572  86.3940  94.0482 0002061  87.0237 273.1195 14.34217958 30180
IRIDIUM 155             
1 43573U 18061E   19051.72100052  .00000062  00000-0  15194-4 0  9993
2 43573  86.3935  94.0017 0003034  92.7645 267.3898 14.34217017 30165
IRIDIUM 154             
1 43574U 18061F   19051.63219884  .00000067  00000-0  16910-4 0  9990
2 43574  86.3939  94.0462 0001948  99.9668 260.1747 14.34218878 30205
IRIDIUM 163             
1 43575U 18061G   19051.61317400  .00000061  00000-0  14690-4 0  9999
2 43575  86.3937  94.0502 0001875  72.8590 287.2811 14.34216189 30173
IRIDIUM 156             
1 43576U 18061H   19051.72734256  .00000066  00000-0  16626-4 0  9990
2 43576  86.3937  94.0067 0002437  83.0685 277.0787 14.34217403 30184
IRIDIUM 164             
1 43577U 18061J   19051.63854768  .00000068  00000-0  17342-4 0  9990
2 43577  86.3938  94.0438 0001975  93.0560 267.0862 14.34216668 30216
IRIDIUM 159             
1 43578U 18061K   19051.60683095  .00000070  00000-0  17760-4 0  9998
2 43578  86.3936  94.0499 0002079  95.8094 264.3339 14.34218674 30173
IRIDIUM 180             
1 43922U 19002A   19051.95517440  .00000032  00000-0  43555-5 0  9995
2 43922  86.3973  30.6974 0000801  99.8343 260.2943 14.34217259  5832
IRIDIUM 176             
1 43923U 19002B   19051.92098289  .00000087  00000-0  99025-5 0  9991
2 43923  86.6106  30.7262 0002519  82.2278 277.9225 14.72251345  5931
IRIDIUM 168             
1 43924U 19002C   19051.94882363  .00000015  00000-0 -18798-5 0  9998
2 43924  86.3976  30.7018 0001832  93.2022 266.9383 14.34217669  5818
IRIDIUM 173             
1 43925U 19002D   19051.93614210  .00000034  00000-0  50909-5 0  9992
2 43925  86.3972  30.7044 0001968  89.4452 270.6969 14.34217733  5801
IRIDIUM 169             
1 43926U 19002E   19051.94610853  .00000032  00000-0  42598-5 0  9996
2 43926  87.4036  32.4784 0005187 117.1645 243.0084 14.38748158  5890
IRIDIUM 172             
1 43927U 19002F   19051.92980153  .00000045  00000-0  88864-5 0  9998
2 43927  86.3972  30.7064 0001787  90.9248 269.2153 14.34216951  5804
IRIDIUM 175             
1 43928U 19002G   19051.91494332  .00000084  00000-0  93430-5 0  9995
2 43928  86.6091  30.7160 0003217 107.1944 252.9626 14.72255587  5928
IRIDIUM 171             
1 43929U 19002H   19051.91077457  .00000040  00000-0  71529-5 0  9998
2 43929  86.3981  30.7237 0001899  92.7649 267.3764 14.34216337  5790
IRIDIUM 170             
1 43930U 19002J   19051.92718232  .00000102  00000-0  12295-4 0  9997
2 43930  86.6106  30.7316 0002925  88.9209 271.2343 14.72249256  5944
IRIDIUM 167             
1 43931U 19002K   19051.90442019  .00000025  00000-0  19878-5 0  9992
2 43931  86.3973  30.7163 0000972 103.9117 256.2187 14.34217411  5798
