MTI                     
1 26102U 00014A   19088.59746924  .00004437  00000-0  74445-4 0  9994
2 26102  97.5639 302.8695 0009861  67.3303 292.8991 15.52349913 55272
CFESAT                  
1 30777U 07006F   19086.94088017  .00002948  00000-0  87172-4 0  9990
2 30777  35.4251 288.9309 0004277  91.7801 268.3415 15.34636931667628
SPIRALE A               
1 33751U 09008C   19088.45272605  .00000020  00000-0  16442-3 0  9995
2 33751   2.0463 268.6458 5420820 224.0716  76.7521  4.58702515140806
SPIRALE B               
1 33752U 09008D   19088.19244034  .00007738  00000-0  12321-2 0  9996
2 33752   2.1096  20.7009 6936868 348.1199   1.5363  2.73685276 92510
SAPPHIRE                
1 39088U 13009C   19088.54378036 -.00000033  00000-0  37864-5 0  9993
2 39088  98.5063 293.0743 0011696 163.4344 196.7226 14.34188751318587
