CALSPHERE 1             
1 00900U 64063C   19051.95474552  .00000195  00000-0  19912-3 0  9995
2 00900  90.1479  20.7612 0029289  67.3517 355.5487 13.73191889704231
CALSPHERE 2             
1 00902U 64063E   19051.98353856  .00000026  00000-0  25324-4 0  9991
2 00902  90.1526  23.2141 0020079  67.1498 293.1750 13.52668875494861
LCS 1                   
1 01361U 65034C   19051.96523953  .00000009  00000-0  12593-3 0  9999
2 01361  32.1447  44.1234 0011563 153.0375 207.0725  9.89295429945145
TEMPSAT 1               
1 01512U 65065E   19051.93122142  .00000009  00000-0  18365-6 0  9999
2 01512  89.8469 232.5116 0069382 193.4182 287.8545 13.33419487603787
CALSPHERE 4(A)          
1 01520U 65065H   19051.89350510  .00000049  00000-0  76462-4 0  9999
2 01520  90.0583 126.9707 0071986  83.7549  37.2910 13.35780860605772
OPS 5712 (P/L 160)      
1 02826U 67053A   19052.18386281  .00000401  00000-0  12269-3 0  9991
2 02826  69.9266 247.1805 0009010 252.5144 107.5004 14.48620590677587
OPS 5712 (P/L 153)      
1 02874U 67053H   19051.52969567 -.00000016  00000-0  26987-4 0  9991
2 02874  69.9730  82.9235 0004718  52.5145 307.6389 13.96325229633996
SURCAL 150B             
1 02909U 67053J   19051.95537871  .00000544  00000-0  12413-3 0  9999
2 02909  69.9479 293.1292 0005936 292.1131  67.9378 14.61134659686387
RIGIDSPHERE 2 (LCS 4)   
1 05398U 71067E   19051.94243212  .00000148  00000-0  45544-4 0  9998
2 05398  87.6269 357.2600 0065592  64.2567 296.5381 14.33768982490508
