RADUGA 1 [-]            
1 08513U 75123A   19051.80165153 -.00000117  00000-0  00000-0 0  9990
2 08513   9.3301 304.6446 0002695 207.5232   2.0462  1.00297302168008
RADUGA 2 [-]            
1 09416U 76092A   19051.73868900 -.00000212  00000-0  00000-0 0  9997
2 09416   9.9653 306.4761 0030169 325.5256 230.3491  1.00264269102531
RADUGA 3 [-]            
1 10159U 77071A   19051.80481089  .00000098  00000-0  00000-0 0  9999
2 10159  10.5432 308.7666 0005718 225.5593 312.7142  1.00329525150239
RADUGA 4 [-]            
1 10987U 78073A   19051.76760375 -.00000369  00000-0  00000-0 0  9996
2 10987  11.1075 311.7315 0012896 331.9634 254.0074  1.00263848 92799
RADUGA 5 [-]            
1 11343U 79035A   19051.80934716 -.00000056  00000-0  00000-0 0  9992
2 11343  11.5130 314.0796 0002936  62.1675 135.3634  1.00250871102543
RADUGA 6 [-]            
1 11708U 80016A   19051.69153792 -.00000290  00000-0  00000-0 0  9992
2 11708  11.8060 316.6623 0002277 331.1003 207.9105  1.00218988 95354
RADUGA 7 [-]            
1 12003U 80081A   19052.07707858 -.00000228  00000-0  00000+0 0  9994
2 12003  11.9446 318.3370 0009926 264.8173 287.7527  1.00256047 96610
RADUGA 8 [-]            
1 12351U 81027A   19050.13575701 -.00000280  00000-0  00000+0 0  9994
2 12351  12.2595 319.0912 0081251 193.8051   1.3803  1.00373766 95683
RADUGA 9 [-]            
1 12618U 81069A   19050.73633587 -.00000212  00000-0  00000+0 0  9994
2 12618  12.4044 321.4457 0004279  20.4803 160.3499  1.00193322101511
RADUGA 10 [-]           
1 12897U 81102A   19051.80803314 -.00000148  00000-0  00000-0 0  9996
2 12897  12.4639 322.2375 0001161  93.7526 104.5483  1.00250128 90530
RADUGA 11 [-]           
1 13669U 82113A   19051.80873652 -.00000051  00000-0  00000-0 0  9992
2 13669  14.1240 333.9192 0037598 227.2269 306.9839  0.97707315 95417
RADUGA 12 [-]           
1 13974U 83028A   19051.81178977 -.00000185  00000-0  00000+0 0  9993
2 13974  13.2985 330.8981 0005364 354.2462 199.6034  1.00289196142566
RADUGA 13 [-]           
1 14307U 83088A   19051.54893049 -.00000207  00000-0  00000+0 0  9999
2 14307  14.2957 335.5681 0020333   0.8381 188.0248  0.98175663 92688
RADUGA 14 [-]           
1 14725U 84016A   19051.79757660 -.00000081  00000-0  00000-0 0  9991
2 14725  13.3678 334.1449 0003578  20.0588 155.1729  1.00246650 91298
RADUGA 15 [-]           
1 15057U 84063A   19050.87224951  .00000073  00000-0  00000+0 0  9991
2 15057  13.4530 335.1231 0002014  29.6924 148.2985  1.00363969114272
RADUGA 16 [-]           
1 15946U 85070A   19051.47585979  .00000093  00000-0  00000-0 0  9997
2 15946  13.7227 339.4049 0004031 325.7015 213.2516  1.00318838 95413
RADUGA 17 [-]           
1 16250U 85107A   19051.75605013 -.00000308  00000-0  00000+0 0  9999
2 16250  13.7881 340.6242 0006533 148.4837  33.7385  1.00132846125021
RADUGA 18 [-]           
1 16497U 86007A   19050.72795045 -.00000208  00000-0  00000+0 0  9992
2 16497  14.5051 343.0542 0069103 131.2825  58.3485  0.98813007119489
RADUGA 19 [-]           
1 17046U 86082A   19051.33041733 -.00000027  00000-0  00000-0 0  9992
2 17046  14.7538 346.6446 0007029  99.2284  84.6298  0.98458896116588
RADUGA 20 [-]           
1 17611U 87028A   19051.78095126 -.00000117  00000-0  00000-0 0  9995
2 17611  16.6275 350.1879 0023668  98.4774 271.0721  0.95961992112668
RADUGA 21 [-]           
1 18631U 87100A   19051.53402444  .00000076  00000-0  00000+0 0  9999
2 18631  14.7500 348.1824 0003502 343.9822 228.5863  1.00212728114260
RADUGA 22 [-]           
1 19596U 88095A   19051.72803961 -.00000334  00000-0  00000-0 0  9993
2 19596  14.5269 351.9694 0003276  26.3355 169.8700  1.00277082 94841
RADUGA 23 [-]           
1 19928U 89030A   19051.88252289 -.00000115  00000-0  00000+0 0  9996
2 19928  14.5759 353.6768 0015242 127.5528  63.4862  1.00180011108037
RADUGA-1 1 [-]          
1 20083U 89048A   19051.82966109 -.00000018  00000-0  00000-0 0  9999
2 20083  15.1944 356.4229 0017938  68.8246 107.8841  0.98706312104888
RADUGA 24 [-]           
1 20367U 89098A   19051.88173778 -.00000113  00000-0  00000+0 0  9992
2 20367  15.0305 356.1560 0004283 309.7041 234.5746  1.00339376106225
RADUGA 25 [-]           
1 20499U 90016A   19051.34709955 -.00000206  00000-0  00000+0 0  9996
2 20499  14.7651 356.6389 0003661 328.7093 220.6903  1.00169552106130
RADUGA 26 [-]           
1 21016U 90112A   19051.81466855 -.00000305  00000-0  00000-0 0  9991
2 21016  14.9005 359.7816 0006884   6.1494 174.0462  1.00259937103453
RADUGA-1 2 [-]          
1 21038U 90116A   19051.81431962 -.00000300  00000-0  00000-0 0  9995
2 21038  14.9360 359.8839 0006549  23.0858 154.9623  1.00310661 20532
RADUGA 27 [-]           
1 21132U 91014A   19051.44768259  .00000053  00000-0  00000+0 0  9992
2 21132  15.4561 359.8945 0005573 343.4673  23.3747  1.00176239102497
RADUGA 28 [-]           
1 21821U 91087A   19051.88156330 -.00000108  00000-0  00000+0 0  9998
2 21821  15.0298   3.1668 0003810  24.0109 152.0297  1.00362890 99545
RADUGA 29 [-]           
1 22557U 93013A   19052.08501705  .00000041  00000-0  00000+0 0  9994
2 22557  14.9904   7.2816 0004753  11.0931 174.9545  1.00291073 94885
RADUGA 30 [-]           
1 22836U 93062A   19051.92410758 -.00000071  00000-0  00000-0 0  9992
2 22836  14.9216   9.1273 0007620 298.7155 244.6447  1.00275901 19196
RADUGA-1 3 [-]          
1 22981U 94008A   19051.44654852  .00000078  00000-0  00000+0 0  9991
2 22981  14.9316  10.3163 0004576 325.6083  23.9032  1.00264341 91708
RADUGA 31 [-]           
1 23010U 94012A   19051.81536645 -.00000322  00000-0  00000-0 0  9994
2 23010  14.8991  10.2784 0004615 347.7038 185.3327  1.00233161 91545
RADUGA 32 [-]           
1 23448U 94087A   19051.91854778 -.00000077  00000-0  00000-0 0  9999
2 23448  14.7282  12.8707 0006981 248.8878 289.4855  1.00273828106077
RADUGA-1 4 [-]          
1 25642U 99010A   19051.85698153 -.00000360  00000-0  00000-0 0  9999
2 25642  14.6031  24.8736 0005674 267.3356 273.1580  1.00226509 73146
RADUGA-1 5 [-]          
1 26477U 00049A   19051.86238660 -.00000359  00000-0  00000-0 0  9992
2 26477  12.3307  27.9587 0005643 323.7888 213.4739  1.00292138 67614
RADUGA-1 6 [-]          
1 26936U 01045A   19051.31019723 -.00000190  00000-0  00000-0 0  9999
2 26936  12.1335  33.6591 0012095 151.0680  66.1355  0.97745831 62466
RADUGA-1 7 [-]          
1 28194U 04010A   19051.91022247 -.00000354  00000-0  00000-0 0  9995
2 28194  10.5303  40.8047 0004843 261.5525 277.6676  1.00362149 54608
RADUGA-1M 1 [-]         
1 32373U 07058A   19052.16431453  .00000088  00000-0  00000+0 0  9997
2 32373   4.3186  70.9722 0005686 257.4397 291.4108  0.99394454 41749
RADUGA-1 8 [-]          
1 34264U 09010A   19052.20425741 -.00000086  00000-0  00000+0 0  9995
2 34264   6.9043  63.1852 0013362 312.8379 109.0963  0.99816630 36487
RADUGA-1M 2 [+]         
1 36358U 10002A   19051.91299647 -.00000206  00000-0  00000-0 0  9990
2 36358   0.0305 251.4718 0003433  91.2699 221.4378  1.00270180 33206
RADUGA-1M 3 [+]         
1 39375U 13062A   19051.91854778 -.00000061  00000-0  00000-0 0  9992
2 39375   0.0242 200.2496 0002870 130.9787 219.9638  1.00271697 19328
