SCD 1                   
1 22490U 93009B   19088.56380889  .00000236  00000-0  15073-4 0  9992
2 22490  24.9693 258.4783 0043035   1.1112  63.2420 14.44546343379464
TECHSAT 1B (GO-32)      
1 25397U 98043D   19088.44492010 -.00000016  00000-0  11992-4 0  9994
2 25397  98.6817  29.6051 0000170 302.1825  57.9337 14.23662449 76311
SCD 2                   
1 25504U 98060A   19088.40238376  .00000217  00000-0  10449-4 0  9990
2 25504  24.9952 106.7074 0017366  24.7990 108.1380 14.44064199 79029
LANDSAT 7               
1 25682U 99020A   19088.55654260  .00000147  00000-0  42386-4 0  9991
2 25682  98.1352 157.8679 0001815 102.7977 257.3426 14.57148949 61305
DLR-TUBSAT              
1 25757U 99029B   19088.33126106 -.00000033  00000-0  31359-5 0  9996
2 25757  98.4118  10.3364 0015705 110.2807 250.0077 14.51399253 50786
TERRA                   
1 25994U 99068A   19088.23073781  .00000075  00000-0  26623-4 0  9993
2 25994  98.2078 163.9563 0001190  83.7690 276.3619 14.57111176 25333
MAROC-TUBSAT            
1 27004U 01056D   19088.58461799 -.00000028  00000-0  17795-4 0  9994
2 27004  99.4490 223.6083 0020721  89.7669  39.0955 13.70133815865115
AQUA                    
1 27424U 02022A   19088.59184028  .00000077  00000-0  27178-4 0  9991
2 27424  98.2113  30.6780 0000936 322.3741  28.1311 14.57103647898930
IRS-P6 (RESOURCESAT-1)  
1 28051U 03046A   19088.47395551  .00000001  00000-0  15969-4 0  9999
2 28051  98.5232 167.2848 0056477 269.2766  90.1949 14.34165872802463
SHIYAN 1 (SY-1)         
1 28220U 04012A   19088.45187217  .00000603  00000-0  53639-4 0  9991
2 28220  97.7923  50.6076 0014219  98.9534 261.3300 14.99788680813740
FORMOSAT-2 (ROCSAT 2)   
1 28254U 04018A   19088.58059370  .00000342  00000-0  25815-3 0  9990
2 28254  98.7693 136.1043 0001469 124.7375 354.2214 14.00665265759649
AURA                    
1 28376U 04026A   19088.59928506  .00000076  00000-0  26985-4 0  9995
2 28376  98.2123  32.8476 0000970  91.0743 269.0566 14.57100557781996
IRS-P5 (CARTOSAT-1)     
1 28649U 05017A   19088.44442046  .00000064  00000-0  14141-4 0  9991
2 28649  97.8617 160.4258 0003117  93.5741 266.5833 14.83625628752389
SINAH 1                 
1 28893U 05043D   19088.36940800  .00000025  00000-0  14119-4 0  9995
2 28893  97.9594 228.7176 0013890 264.4615  95.5003 14.61499164715164
EROS B                  
1 29079U 06014A   19088.41188981  .00001406  00000-0  61638-4 0  9993
2 29079  97.4090 208.1688 0004720  70.3464  15.4364 15.23618648717325
RESURS-DK 1             
1 29228U 06021A   19088.62607470  .00000072  00000-0  12746-4 0  9993
2 29228  69.9346 242.8483 0002214  30.7572 329.3718 15.02418130705781
ARIRANG-2 (KOMPSAT-2)   
1 29268U 06031A   19088.48222240  .00000060  00000-0  21035-4 0  9998
2 29268  98.0396 342.8728 0019115 118.6500 241.6625 14.62417109676039
LAPAN-TUBSAT            
1 29709U 07001A   19088.47252489  .00000016  00000-0  85548-5 0  9994
2 29709  97.7981  52.7436 0014038 122.4886 237.7683 14.82166430660300
CARTOSAT-2 (IRS-P7)     
1 29710U 07001B   19088.48311846  .00000306  00000-0  48832-4 0  9996
2 29710  97.9826 148.2426 0001632 103.8876 256.2510 14.78655938659292
HAIYANG-1B              
1 31113U 07010A   19088.56321341 -.00000030  00000-0  46971-5 0  9994
2 31113  98.4650 139.6127 0015065  89.9137 270.3772 14.30217112624413
COSMO-SKYMED 1          
1 31598U 07023A   19088.50304526 -.00000027  00000-0  31437-5 0  9992
2 31598  97.8904 273.0184 0001569  90.2160 269.9238 14.82153165638775
TERRASAR-X              
1 31698U 07026A   19083.95567242 -.00000712  00000-0 -30736-4 0  9998
2 31698  97.4461  92.3915 0001940  91.3950 355.8252 15.19144904652911
WORLDVIEW-1 (WV-1)      
1 32060U 07041A   19088.29299056  .00000662  00000-0  29797-4 0  9993
2 32060  97.3912 209.0212 0002177  68.5777 346.7872 15.24489865641298
YAOGAN 3                
1 32289U 07055A   19088.51625813 -.00000220  00000-0 -21573-4 0  9996
2 32289  98.0066  99.3257 0001675  81.5034 278.6386 14.80945995614982
COSMO-SKYMED 2          
1 32376U 07059A   19088.46927014  .00000062  00000-0  14394-4 0  9994
2 32376  97.8906 272.9859 0001599  88.5071 271.6358 14.82149880611518
RADARSAT-2              
1 32382U 07061A   19088.55830633  .00000033  00000-0  29688-4 0  9994
2 32382  98.5781  96.6516 0001279  91.1489  17.3933 14.29984024589249
CARTOSAT-2A             
1 32783U 08021A   19088.46155637  .00000029  00000-0  11146-4 0  9995
2 32783  97.9816 148.5937 0013108  18.4713 341.6976 14.78658101589233
JASON-2 (OSTM)          
1 33105U 08032A   19088.59754630 -.00000049  00000-0  52456-4 0  9990
2 33105  66.0413 194.6349 0008023 273.2585 281.3214 12.87630495504268
RAPIDEYE 2              
1 33312U 08040A   19088.17048670 -.00038393  00000-0 -50010-2 0  9999
2 33312  97.7532 159.6198 0013301  38.0138 322.2863 14.80753756571507
RAPIDEYE 5              
1 33313U 08040B   19087.72090205 -.00002160  00000-0 -27351-3 0  9997
2 33313  97.7606 157.9590 0016638 279.4105  80.6777 14.80736538571382
RAPIDEYE 1              
1 33314U 08040C   19087.77671618 -.00013810  00000-0 -17814-2 0  9992
2 33314  97.7523 158.9887 0025463  49.1167 311.3657 14.80741206571432
RAPIDEYE 3              
1 33315U 08040D   19087.67785071  .00003185  00000-0  41953-3 0  9995
2 33315  97.7642 157.7951 0012698 356.2373   3.7666 14.80755257571388
RAPIDEYE 4              
1 33316U 08040E   19087.66550119  .00001482  00000-0  19883-3 0  9993
2 33316  97.7648 157.6110 0011416 301.2454  58.5796 14.80760785571371
HUANJING 1A (HJ-1A)     
1 33320U 08041A   19088.51228094 -.00000052  00000-0 -20488-6 0  9998
2 33320  97.8482 149.1746 0027193  83.0991 277.3314 14.77000782568771
HUANJING 1B (HJ-1B)     
1 33321U 08041B   19088.47920581  .00000083  00000-0  18818-4 0  9998
2 33321  97.8547 150.9294 0036126 100.9738 259.5545 14.77110635568762
GEOEYE 1                
1 33331U 08042A   19088.47302636  .00000088  00000-0  25654-4 0  9996
2 33331  98.1019 164.2926 0009954  29.7252 330.4512 14.64384538564264
THEOS                   
1 33396U 08049A   19088.45682891  .00000099  00000-0  67161-4 0  9997
2 33396  98.6924 156.9271 0001522  93.6134  40.3295 14.20045925543761
COSMO-SKYMED 3          
1 33412U 08054A   19088.52411892 -.00000306  00000-0 -31915-4 0  9992
2 33412  97.8905 273.0397 0001572  83.7885 276.3548 14.82151158563980
YAOGAN 4                
1 33446U 08061A   19088.56969023  .00000091  00000-0  19783-4 0  9993
2 33446  97.6656  59.7085 0015968 353.1075   6.9914 14.76936960556015
GOSAT (IBUKI)           
1 33492U 09002A   19088.55304874  .00000077  00000-0  21848-4 0  9995
2 33492  98.0242 202.4883 0001627  88.6678 271.4713 14.67571466544751
YAOGAN 6                
1 34839U 09021A   19088.57266078  .00000421  00000-0  18589-4 0  9998
2 34839  97.0627 116.8897 0028572 165.8205 194.3843 15.26482487551753
DEIMOS-1                
1 35681U 09041A   19088.51187778 -.00000011  00000-0  58778-5 0  9990
2 35681  97.8741 333.0503 0002867  68.7186 291.4381 14.71776695518798
DUBAISAT-1              
1 35682U 09041B   19088.45867101  .00000009  00000-0  93918-5 0  9990
2 35682  97.7350 286.2238 0010418 230.5872 129.4451 14.68722516517651
OCEANSAT-2              
1 35931U 09051A   19088.51407894  .00000067  00000-0  28073-4 0  9997
2 35931  98.2976 184.7342 0001861  30.6182 329.5121 14.50863021503651
WORLDVIEW-2 (WV-2)      
1 35946U 09055A   19088.21879727  .00000042  00000-0  28373-4 0  9998
2 35946  98.4371 165.3888 0001019 204.7921 155.3213 14.37610947496906
SMOS                    
1 36036U 09059A   19088.57122722  .00000046  00000-0  28529-4 0  9995
2 36036  98.4449 276.9845 0001273  99.5053 260.6279 14.39768143494064
YAOGAN 7                
1 36110U 09069A   19088.49445699  .00000033  00000-0  13004-4 0  9999
2 36110  98.2678 269.5516 0023666 196.4560 163.5895 14.75103694500755
TANDEM-X                
1 36605U 10030A   19087.18005998  .00000372  00000-0  20928-4 0  9996
2 36605  97.4469  95.5705 0001896  86.9769 343.0090 15.19152416486148
CARTOSAT-2B             
1 36795U 10035A   19088.43056665 -.00001479  00000-0 -19442-3 0  9996
2 36795  97.9798 148.2286 0016050  83.8682 276.4317 14.78641672470275
YAOGAN 10               
1 36834U 10038A   19088.48522454 -.00000021  00000-0  40998-5 0  9995
2 36834  97.9662  89.2999 0001687  72.1735 287.9659 14.80905764466723
COSMO-SKYMED 4          
1 37216U 10060A   19088.48618086 -.00000011  00000-0  51329-5 0  9991
2 37216  97.8898 273.0022 0001629  81.7090 278.4321 14.82151490454060
RESOURCESAT-2           
1 37387U 11015A   19087.78532468 -.00032826  00000-0 -14991-1 0  9992
2 37387  98.7194 163.8814 0002838 224.4445 135.5288 14.21709564411978
HAIYANG 2A              
1 37781U 11043A   19088.52332612 -.00000043  00000-0  10881-5 0  9996
2 37781  99.3226  98.8670 0001937  86.6686 273.4677 13.78718484383592
RASAT                   
1 37791U 11044D   19088.43003492  .00000010  00000-0  11024-4 0  9991
2 37791  98.1160 182.3861 0020643 232.6964 127.2361 14.64709583406953
MEGHA-TROPIQUES         
1 37838U 11058A   19088.55716009  .00000338  00000-0  41655-4 0  9992
2 37838  19.9766 182.3003 0009789 355.0283   5.0023 14.09697250384980
SRMSAT                  
1 37841U 11058D   19088.51892426  .00000290  00000-0  14322-4 0  9998
2 37841  19.9709 162.1119 0012091  25.9371  95.9661 14.10627504385126
YAOGAN 13               
1 37941U 11072A   19088.49768006  .00000277  00000-0  16999-4 0  9995
2 37941  97.5226  20.7859 0002639 124.3560 355.5545 15.17911327406312
PLEIADES 1A             
1 38012U 11076F   19088.54878026 -.00000032  00000-0  29356-5 0  9991
2 38012  98.2042 164.3130 0001777  76.4285 283.7112 14.58552401387662
ZIYUAN 1-02C (ZY 1-02C) 
1 38038U 11079A   19088.47163035 -.00000357  00000-0 -10982-3 0  9995
2 38038  98.2514 137.8412 0001372  63.6214 296.5128 14.35485183380796
ZIYUAN 3 (ZY 3)         
1 38046U 12001A   19088.59358388  .00000571  00000-0  28640-4 0  9997
2 38046  97.4601 163.0470 0002342 358.8300 137.8215 15.21296414400836
RISAT-1                 
1 38248U 12017A   19088.58116198  .00000420  00000-0  29923-4 0  9996
2 38248  97.5728  98.2214 0003830 357.4898   2.6311 15.09758444381337
ARIRANG-3 (KOMPSAT-3)   
1 38338U 12025B   19088.46954829  .00000038  00000-0  17118-4 0  9991
2 38338  98.1544  27.3958 0011272  93.3084 266.9397 14.61743904366176
KANOPUS-V 1             
1 38707U 12039A   19088.43370594  .00000284  00000-0  16781-4 0  9992
2 38707  97.4566   8.0844 0001723  83.0837  50.8314 15.18984895370795
EXACTVIEW-1 (ADS-1B)    
1 38709U 12039C   19088.57629560 -.00000025  00000-0  10029-4 0  9992
2 38709  99.1429  99.7604 0010379 183.6791 176.4312 14.23987864347395
SPOT 6                  
1 38755U 12047A   19088.49574785 -.00000041  00000-0  10945-5 0  9997
2 38755  98.2188 156.5149 0001693  94.3203 265.8193 14.58541890348731
PLEIADES 1B             
1 39019U 12068A   19088.44608901 -.00000030  00000-0  33723-5 0  9994
2 39019  98.1712 164.2309 0001595  86.6583 273.4804 14.58561553336501
GOKTURK 2               
1 39030U 12073A   19088.47528559  .00000014  00000-0  99398-5 0  9997
2 39030  98.0036 339.2641 0002496 107.9703 252.1775 14.72726003336260
LANDSAT 8               
1 39084U 13008A   19088.59579660  .00000044  00000-0  19728-4 0  9998
2 39084  98.1933 159.6808 0001270  89.1793 270.9550 14.57116224325778
SARAL                   
1 39086U 13009A   19088.60685205 -.00000002  00000-0  15639-4 0  9998
2 39086  98.5417 276.0504 0002096 111.3755 248.7652 14.32034309318191
GAOFEN 1                
1 39150U 13018A   19088.48360512  .00000058  00000-0  15630-4 0  9998
2 39150  97.9025 170.5801 0020468 116.1221 244.2102 14.76531012319208
VNREDSAT 1              
1 39160U 13021B   19088.50135279  .00000550  00000-0  11674-3 0  9996
2 39160  98.1874 164.5458 0001574  98.2606 261.7972 14.62944167314689
ARIRANG-5 (KOMPSAT-5)   
1 39227U 13042A   19088.51533552  .00000209  00000-0  19266-4 0  9997
2 39227  97.6179 273.8499 0002334  92.5871 326.8111 15.04514934307479
YAOGAN 18               
1 39363U 13059A   19088.48020828  .00000546  00000-0  30004-4 0  9996
2 39363  97.3075 148.5681 0003064  83.2268  41.6496 15.18037403299970
SKYSAT-1                
1 39418U 13066C   19088.53460868 -.00000371  00000-0 -25738-4 0  9999
2 39418  97.6534 171.8716 0019580 260.3237  99.5773 14.98805424292488
DUBAISAT-2              
1 39419U 13066D   19088.47353548  .00000527  00000-0  54588-4 0  9995
2 39419  97.6001 153.4702 0012069 256.7021 103.2867 14.93966086291588
GPM-CORE                
1 39574U 14009C   19088.58608557  .00003048  00000-0  48671-4 0  9997
2 39574  65.0066 228.0544 0011476 285.9245  74.0636 15.55453161288686
SENTINEL-1A             
1 39634U 14016A   19088.52168587 -.00000025  00000-0  44270-5 0  9995
2 39634  98.1821  96.8617 0001537  80.5616 279.5769 14.59198064265538
KAZEOSAT 1              
1 39731U 14024A   19088.50928814 -.00000004  00000-0  11811-4 0  9998
2 39731  98.3585 166.6969 0001326  85.3307 274.8035 14.42036617258619
ALOS-2                  
1 39766U 14029A   19088.54011717 -.00000618  00000-0 -75878-4 0  9995
2 39766  97.9193 186.5366 0001678  85.3429 274.7988 14.79465447261767
KAZEOSAT 2              
1 40010U 14033A   19088.48670624  .00000024  00000-0  96484-5 0  9991
2 40010  97.8466 349.3142 0015724 323.3823  36.6315 14.82108364258260
HODOYOSHI-4             
1 40011U 14033B   19088.52241536  .00000044  00000-0  12425-4 0  9997
2 40011  97.8257 343.6529 0026123 318.4605  41.4615 14.81085412258010
DEIMOS-2                
1 40013U 14033D   19088.51261471 -.00000400  00000-0 -41193-4 0  9990
2 40013  97.8466 353.9220 0002470  52.9287 307.2117 14.84573987258709
HODOYOSHI-3             
1 40015U 14033F   19088.61575841  .00000093  00000-0  19717-4 0  9995
2 40015  97.7993 334.5762 0036299 330.4767  29.4394 14.78473321257550
SPOT 7                  
1 40053U 14034A   19088.46073556 -.00000029  00000-0  34274-5 0  9993
2 40053  98.1499 156.2961 0001727  76.4408 283.6983 14.58576422252664
SKYSAT-2                
1 40072U 14037D   19088.38646180  .00000073  00000-0  16851-4 0  9995
2 40072  98.4126 238.1286 0007358 118.5226 241.6754 14.81161421255227
WORLDVIEW-3 (WV-3)      
1 40115U 14048A   19088.17613577 -.00000091  00000-0 -45093-5 0  9999
2 40115  97.8145 168.4427 0001526  61.8999 298.2395 14.84997942250568
YAOGAN 21               
1 40143U 14053A   19088.46968620  .00000634  00000-0  28340-4 0  9996
2 40143  97.2330 153.0978 0011338  53.3060  71.7956 15.24754527253494
YAOGAN 22               
1 40275U 14063A   19088.47695234 -.00000045  00000-0  00000+0 0  9997
2 40275 100.4564 202.1390 0006350  41.1968 318.9622 13.15333458213137
ASNARO                  
1 40298U 14070A   19088.48897644  .00000852  00000-0  43274-4 0  9990
2 40298  97.4442 172.5041 0002217  81.4832  42.3534 15.19543299243618
HODOYOSHI-1             
1 40299U 14070B   19088.51524399  .00000488  00000-0  23525-4 0  9991
2 40299  97.3522 169.9467 0012322 336.0905  79.9142 15.23258632243910
QSAT-EOS                
1 40301U 14070D   19088.50808197  .00001211  00000-0  50088-4 0  9994
2 40301  97.3311 167.3190 0025099 329.6096  87.4351 15.25642252243912
YAOGAN 23               
1 40305U 14071A   19088.52060735  .00000468  00000-0  26382-4 0  9992
2 40305  97.4849  26.8108 0000902  96.2625 321.8463 15.17910656242085
YAOGAN 24               
1 40310U 14072A   19088.48630348  .00000064  00000-0  16482-4 0  9999
2 40310  98.0715 216.4528 0017934 133.2891 226.9817 14.77268134234725
CBERS 4                 
1 40336U 14079A   19088.47099316 -.00000015  00000-0  94196-5 0  9993
2 40336  98.3779 157.5507 0000889  84.7774 275.3514 14.35500782225701
RESURS P2               
1 40360U 14087A   19088.45308813  .00000506  00000-0  18237-4 0  9997
2 40360  97.2568 180.6343 0009146 354.0159 136.6017 15.33004422237970
YAOGAN 26               
1 40362U 14088A   19088.63061883 -.00010038  00000-0 -41720-3 0  9998
2 40362  97.2935 165.1920 0007056 259.4471 243.8244 15.23600044236986
SMAP                    
1 40376U 15003A   19088.43914832  .00000004  00000-0  98176-5 0  9999
2 40376  98.1243  96.5470 0000830  39.5854 320.5405 14.63360275221994
KOMPSAT-3A              
1 40536U 15014A   19088.43254432  .00000646  00000-0  41211-4 0  9991
2 40536  97.5453  27.6992 0009192 235.6768 257.3598 15.12183432221314
SENTINEL-2A             
1 40697U 15028A   19088.45925924  .00000001  00000-0  16961-4 0  9996
2 40697  98.5727 164.0850 0001284  83.3505 276.7828 14.30814163196680
CARBONITE 1 (CBNT-1)    
1 40718U 15032D   19088.48439798  .00000105  00000-0  23241-4 0  9991
2 40718  97.8954 337.1236 0015728 203.8916 156.1557 14.74672291200084
YAOGAN 27               
1 40878U 15040A   19088.40806538 -.00000044  00000-0  00000+0 0  9995
2 40878 100.2987 144.9244 0008884 160.9799 199.1650 13.15961722172348
LAPAN-A2                
1 40931U 15052B   19086.87861213  .00000700  00000-0  84640-5 0  9994
2 40931   6.0004 287.0461 0012621  63.0457 297.0959 14.76601267189003
YAOGAN 28               
1 41026U 15064A   19088.51534933  .00000600  00000-0  28012-4 0  9991
2 41026  97.3930 219.9399 0000490 187.6828 243.8392 15.23566710189196
YAOGAN 29               
1 41038U 15069A   19088.48480736 -.00000006  00000-0  60338-5 0  9995
2 41038  97.9706  73.3672 0000835  72.2269 287.9032 14.80399349180299
KENT RIDGE 1            
1 41167U 15077B   19088.44910635  .00000906  00000-0  15346-4 0  9995
2 41167  14.9794 130.0321 0011328 330.2449 150.7301 15.09008910181308
TELEOS 1                
1 41169U 15077D   19088.37981994  .00001222  00000-0  33255-4 0  9996
2 41169  14.9769 121.5626 0010369 342.6345 122.7330 15.10165597181376
JASON-3                 
1 41240U 16002A   19088.61713988 -.00000048  00000-0  56887-4 0  9990
2 41240  66.0408 211.1751 0007670 273.9143  86.0996 12.80931388149458
SENTINEL-3A             
1 41335U 16011A   19088.61369846 -.00000034  00000-0  41094-5 0  9995
2 41335  98.6319 156.7392 0001315  90.4042 269.7290 14.26733131162102
SENTINEL-1B             
1 41456U 16025A   19088.48691633 -.00000097  00000-0 -10916-4 0  9999
2 41456  98.1817  96.6542 0001557  78.4766 281.6618 14.59197225155697
ZIYUAN 3-2 (ZY 3-2)     
1 41556U 16033A   19088.17010381  .00015281  00000-0  68573-3 0  9990
2 41556  97.4020 166.8004 0003711 119.1847 334.5680 15.21274050157068
NUSAT-1 (FRESCO)        
1 41557U 16033B   19088.53033180  .00001269  00000-0  50649-4 0  9990
2 41557  97.4186 176.5162 0012921 219.2564 140.7739 15.26980082157703
NUSAT-2 (BATATA)        
1 41558U 16033C   19088.60030447  .00001316  00000-0  49534-4 0  9996
2 41558  97.4209 177.3711 0011923 220.5139 139.5214 15.28878729157747
CARTOSAT-2C             
1 41599U 16040A   19088.47937578  .00000416  00000-0  22865-4 0  9993
2 41599  97.3698 148.5400 0013270 333.4482 151.5233 15.19306848153389
SKYSAT-C1               
1 41601U 16040C   19088.51061199  .00000428  00000-0  20961-4 0  9997
2 41601  97.4107 168.1760 0002048  90.8445  35.5059 15.23333574153704
LAPAN-A3                
1 41603U 16040E   19088.46373153  .00000079  00000-0  68650-5 0  9999
2 41603  97.3705 149.1358 0012622 330.4337 145.1016 15.19682193153400
BIROS                   
1 41604U 16040F   19088.58304144  .00000384  00000-0  20032-4 0  9997
2 41604  97.3740 151.5225 0011129 316.0596  43.9754 15.21640321153569
SKYSAT-C4               
1 41771U 16058B   19088.46361578  .00000471  00000-0  22851-4 0  9990
2 41771  97.4071 160.6789 0001856  89.9046  33.4322 15.23247994140641
SKYSAT-C5               
1 41772U 16058C   19088.47493557  .00000389  00000-0  19347-4 0  9999
2 41772  97.4060 160.2609 0002129  81.5288  39.0244 15.23279669140635
SKYSAT-C2               
1 41773U 16058D   19088.37310487  .00000397  00000-0  19689-4 0  9997
2 41773  97.4086 160.7231 0001363  86.8116  43.7421 15.23305415140624
SKYSAT-C3               
1 41774U 16058E   19088.58317888  .00000498  00000-0  23933-4 0  9992
2 41774  97.4090 160.9273 0001999  81.6924  53.2067 15.23335791140658
ALSAT 1B                
1 41785U 16059C   19088.45210935  .00000009  00000-0  11090-4 0  9995
2 41785  98.0746 150.1755 0029737 278.0438  81.7391 14.63313461133676
PATHFINDER 1            
1 41787U 16059E   19088.53870689  .00000044  00000-0  17591-4 0  9995
2 41787  98.0765 150.8521 0029241 276.2662  83.5211 14.63656531133710
SCATSAT 1               
1 41790U 16059H   19088.61830095 -.00000002  00000-0  10765-4 0  9996
2 41790  98.2201 135.6079 0017056 297.5413  62.4049 14.50893743132573
WORLDVIEW-4 (WV-4)      
1 41848U 16067A   19088.47146485 -.00002174  00000-0 -24335-3 0  9996
2 41848  97.8847 168.2224 0009453 136.7552 223.4330 14.85857779128767
GOKTURK 1A              
1 41875U 16073A   19088.48130118  .00000024  00000-0  13799-4 0  9993
2 41875  98.1430 344.1929 0001550  68.6936 291.4428 14.62764525123360
RESOURCESAT-2A          
1 41877U 16074A   19088.51728343  .00000008  00000-0  23248-4 0  9995
2 41877  98.6390 163.1057 0001038 110.7003 249.4288 14.21661255119686
CARTOSAT-2D             
1 41948U 17008A   19086.45253784  .00003932  00000-0  18965-3 0  9993
2 41948  97.4051 148.4659 0008364 115.6611 244.4050 15.19247419116946
SENTINEL-2B             
1 42063U 17013A   19088.49424524  .00000010  00000-0  20384-4 0  9999
2 42063  98.5734 164.1265 0001433  86.0192 274.1153 14.30813479107602
ZHUHAI-1 02 (CAS 4B)    
1 42759U 17034B   19088.60500764  .00000183  00000-0  24734-4 0  9992
2 42759  43.0185 316.1099 0009584  98.8919 302.2830 15.09519503 98585
NUSAT-3 (MILANESAT)     
1 42760U 17034C   19087.99628608  .00000194  00000-0  25153-4 0  9991
2 42760  43.0181 319.8177 0007918 112.6080  28.5153 15.09929357 98491
ZHUHAI-1 01 (CAS 4A)    
1 42761U 17034D   19088.06313932  .00000187  00000-0  24992-4 0  9994
2 42761  43.0199 318.6704 0009937  96.1861  54.8441 15.09596031 98491
CARTOSAT-2E             
1 42767U 17036C   19088.57090450  .00000391  00000-0  21780-4 0  9994
2 42767  97.4826 148.1975 0009194 143.5604 216.6258 15.19234122 97832
FORMOSAT-5              
1 42920U 17049A   19088.50950859 -.00000032  00000-0  32774-5 0  9999
2 42920  98.3333 167.5684 0009109 255.3936 104.6250 14.50828015 84359
SENTINEL-5P             
1 42969U 17064A   19088.43734105 -.00000010  00000-0  15859-4 0  9995
2 42969  98.7295  28.9893 0001043  85.9807 274.1488 14.19554609 75477
SKYSAT-C11              
1 42987U 17068A   19088.53740885  .00000553  00000-0  27535-4 0  9997
2 42987  97.4215 203.2408 0010514 135.5276 224.6806 15.21619381 78054
SKYSAT-C10              
1 42988U 17068B   19088.48583282  .00000715  00000-0  34702-4 0  9992
2 42988  97.4206 203.0841 0005295 149.8213 340.6644 15.21641431 78042
SKYSAT-C9               
1 42989U 17068C   19088.60578646  .00000692  00000-0  33686-4 0  9999
2 42989  97.4227 203.6454 0001807  83.5363  42.1249 15.21614351 78087
SKYSAT-C8               
1 42990U 17068D   19088.52986890  .00000702  00000-0  34039-4 0  9991
2 42990  97.4225 203.4591 0004395 173.9741 318.0635 15.21736196 78060
SKYSAT-C7               
1 42991U 17068E   19088.51784422  .00000710  00000-0  34490-4 0  9998
2 42991  97.4226 203.4654 0005144 191.9040 299.4712 15.21649815 78066
SKYSAT-C6               
1 42992U 17068F   19088.50837904  .00000777  00000-0  37404-4 0  9993
2 42992  97.4227 203.6465 0009920 262.2472 228.3348 15.21679135 78072
CARTOSAT-2F             
1 43111U 18004A   19088.50022794  .00000607  00000-0  32030-4 0  9993
2 43111  97.4428 151.2643 0004911 150.7635 317.2144 15.19247959 67007
MICROSAT-TD             
1 43128U 18004T   19088.40335339  .00020285  00000-0  16401-3 0  9999
2 43128  96.8177 146.7588 0006403  90.3190 269.8808 15.70823216 69249
NUSAT-4 (ADA)           
1 43195U 18015D   19088.46508278  .00001073  00000-0  47691-4 0  9995
2 43195  97.3819 217.2140 0016570 222.0403 223.6876 15.23571298 63961
NUSAT-5 (MARYAM)        
1 43204U 18015K   19088.50727258  .00001073  00000-0  47425-4 0  9997
2 43204  97.3825 217.3005 0016101 225.4802 189.9015 15.23766869 63576
SENTINEL-3B             
1 43437U 18039A   19088.58631162 -.00000018  00000-0  10601-4 0  9992
2 43437  98.6262 156.6699 0001623  86.5312 273.6054 14.26735843 48164
AEOLUS                  
1 43600U 18066A   19087.80969731 -.00000137  00000-0  00000+0 0  9993
2 43600  96.7223  95.8361 0004820 139.6056 220.6817 15.86751649 34544
ICESAT-2                
1 43613U 18070A   19088.58118172  .00000126  00000-0  43344-5 0  9994
2 43613  91.9976 301.3030 0002323  89.3547 270.7969 15.28269572 29790
HYSIS                   
1 43719U 18096A   19088.47400338  .00000033  00000-0  11598-4 0  9997
2 43719  97.9551 157.1185 0009221 223.7826 136.2655 14.78619557 17766
KAZSTSAT                
1 43783U 18099AB  19088.20728072  .00000330  00000-0  36670-4 0  9998
2 43783  97.7655 161.1127 0007828 221.4304 138.6323 14.93590174 17227
SAUDISAT 5A             
1 43831U 18102A   19088.52751207 -.00000348  00000-0 -18521-4 0  9994
2 43831  97.6095 164.9821 0012868 238.0158 246.7724 15.07842860 16932
SAUDISAT 5B             
1 43833U 18102C   19088.49512193  .00000727  00000-0  50948-4 0  9999
2 43833  97.6101 165.0214 0014011 248.5471 237.4848 15.08289992 16921
