AOR-E (EGNOS/PRN 120)   
1 24307U 96053A   19051.86123733 -.00000267  00000-0  00000-0 0  9994
2 24307   3.8830  74.6143 0007262 261.3682  94.2780  1.00001634 82184
CRE (WAAS/PRN 138)      
1 28868U 05036A   19051.55882117 -.00000095  00000-0  00000-0 0  9994
2 28868   0.0228 105.4333 0002929 257.2584 241.3779  1.00268889 19656
CRW (WAAS/PRN 135)      
1 28884U 05041A   19051.62546944  .00000057  00000-0  00000-0 0  9998
2 28884   0.0480 274.4190 0001687  55.2038 272.7770  1.00271258 48949
IOR-W (EGNOS/PRN 126)   
1 28899U 05044A   19051.92410758 -.00000010  00000-0  00000-0 0  9993
2 28899   2.7834  23.5980 0003354 324.5447 198.9496  1.00271244 48710
MTSAT-2 (MSAS/PRN 137)  
1 28937U 06004A   19051.89615127 -.00000265  00000-0  00000-0 0  9998
2 28937   0.0786 287.6002 0003418  48.9064 281.6189  1.00272075 47677
QZS-1 (QZSS/PRN 183)    
1 37158U 10045A   19051.61160237 -.00000219  00000-0  00000+0 0  9998
2 37158  41.2425 150.4739 0759698 270.7077  83.3815  1.00254743 30903
GSAT-8 (GAGAN/PRN 127)  
1 37605U 11022A   19051.80646838  .00000063  00000-0  00000+0 0  9994
2 37605   0.0426 273.0804 0006936  14.5804 208.1375  1.00270648 28436
LUCH 5A (SDCM/PRN 140)  
1 37951U 11074B   19051.90016412 -.00000078  00000-0  00000-0 0  9993
2 37951   2.2622 134.1338 0004173 196.4614 309.7865  1.00273315 26389
SES-5 (EGNOS/PRN 136)   
1 38652U 12036A   19051.79652348  .00000011  00000-0  00000-0 0  9998
2 38652   0.0201 127.1782 0002287 213.4645 101.4886  1.00271963 17691
GSAT-10 (GAGAN/PRN 128) 
1 38779U 12051B   19051.91299647 -.00000187  00000-0  00000-0 0  9993
2 38779   0.0546 291.0814 0000766  64.0761 207.0397  1.00271399 23318
LUCH 5B (SDCM/PRN 125)  
1 38977U 12061A   19051.86402888 -.00000153  00000-0  00000-0 0  9994
2 38977   4.7674  70.6382 0006138 281.6963  92.9096  1.00271623 23375
ASTRA 5B (EGNOS/PRN 123)
1 39617U 14011B   19052.16073785  .00000132  00000-0  00000+0 0  9992
2 39617   0.0304   9.0709 0003205 317.8296 273.2268  1.00273512 18062
LUCH 5V (SDCM/PRN 141)  
1 39727U 14023A   19051.88620638 -.00000290  00000-0  00000-0 0  9997
2 39727   1.4602 301.6899 0003674  57.1945 205.3255  1.00268557535717
GSAT-15 (GAGAN/PRN 139) 
1 41028U 15065A   19051.88869113 -.00000280  00000-0  00000-0 0  9993
2 41028   0.0796 271.6739 0001293  58.8506 233.3959  1.00270165 12044
E 117 W B (WAAS/PRN 131)
1 41589U 16038B   19051.62869716 -.00000033  00000-0  00000-0 0  9993
2 41589   0.0143 261.5662 0000279 244.2149 113.7912  1.00272873  9877
QZS-2 (QZSS/PRN 184)    
1 42738U 17028A   19050.94250934 -.00000153  00000-0  00000-0 0  9993
2 42738  43.7928 281.1426 0745762 270.4491  77.7429  1.00270753  6323
