AKEBONO (EXOS-D)        
1 19822U 89016A   19052.11532794  .00021879  65834-6  39289-3 0  9998
2 19822  75.0279 291.6277 1804598 334.5524  17.6315 11.92394078981723
HST                     
1 20580U 90037B   19052.21218750  .00000401  00000-0  13467-4 0  9997
2 20580  28.4688 268.7415 0002583 302.1626 355.1019 15.09175932383127
POLAR                   
1 23802U 96013A   19051.03662312  .00000181  00000-0  00000-0 0  9993
2 23802  78.6774 257.1737 6827250 299.5669   9.9054  1.29844772110131
SWAS                    
1 25560U 98071A   19051.92297516  .00000150  00000-0  22744-4 0  9999
2 25560  69.8993 157.5413 0009253 325.8574  34.1986 14.93697593 96960
ORSTED                  
1 25635U 99008B   19051.94120159  .00000046  00000-0  18191-4 0  9998
2 25635  96.4680 183.6116 0140473  89.7467 271.9827 14.48131178 54780
CXO                     
1 25867U 99040B   19052.86622942  .00000503  00000-0  00000+0 0  9993
2 25867  68.9739 277.9939 7083500 236.4712   0.0539  0.37809906 18374
XMM-NEWTON              
1 25989U 99066A   19053.91606422 -.00000040  00000-0  00000+0 0  9995
2 25989  70.7979 336.5315 7743262  95.3785   0.4658  0.50139698 23973
TERRA                   
1 25994U 99068A   19052.11043604  .00000187  00000-0  51479-4 0  9993
2 25994  98.2031 128.3552 0001335  86.2518 273.8876 14.57113830 20075
CLUSTER II-FM7 (SAMBA)  
1 26410U 00041A   19052.59460458 -.00000104  00000-0  00000+0 0  9991
2 26410 131.1259 338.0159 4109704 169.5022 359.2679  0.44190840 20212
CLUSTER II-FM6 (SALSA)  
1 26411U 00041B   19045.84469225  .00000000  00000-0  00000+0 0  9997
2 26411 130.4706 339.0906 5068845 176.9408 359.3953  0.44283659 20031
CLUSTER II-FM5 (RUMBA)  
1 26463U 00045A   19052.92784211 -.00000170  00000-0  00000+0 0  9999
2 26463 134.0613 338.2278 4756135 176.0413 359.4164  0.44156961 20793
CLUSTER II-FM8 (TANGO)  
1 26464U 00045B   19049.33129134 -.00000178  00000-0  00000+0 0  9996
2 26464 131.1246 337.9828 4106018 169.3899 203.0703  0.44217524 56114
ODIN                    
1 26702U 01007A   19051.95757331  .00000112  00000-0  11451-4 0  9991
2 26702  97.5805  71.3777 0012594 113.6580 246.5971 15.07729374983515
TIMED                   
1 26998U 01055B   19051.84688837  .00000071  00000-0  11790-4 0  9993
2 26998  74.0726 173.8534 0001348 319.7156  40.3924 14.88086406932754
RHESSI                  
1 27370U 02004A   19051.88694314  .00001562  00000-0  55323-4 0  9990
2 27370  38.0322 259.6653 0013118 348.3060  11.7404 15.31115619940309
INTEGRAL                
1 27540U 02048A   19050.52702420  .00000893  00000-0  00000-0 0  9999
2 27540  49.1327 152.2230 8705647 274.8984   4.3640  0.37603744 16604
CORIOLIS                
1 27640U 03001A   19051.90946718 -.00000016  00000-0  13539-4 0  9996
2 27640  98.7354  63.5197 0013837 348.4130  72.7510 14.19001279834981
SORCE                   
1 27651U 03004A   19051.67643827  .00000061  00000-0  20477-4 0  9998
2 27651  39.9955 142.0068 0022919 230.3456 129.5311 14.88958598872240
MOST                    
1 27843U 03031D   19052.01968386 -.00000024  00000-0  90225-5 0  9999
2 27843  98.7130  61.3223 0010808  49.2663 310.9450 14.20584502811102
SCISAT 1                
1 27858U 03036A   19051.95508815  .00000047  00000-0  11675-4 0  9994
2 27858  73.9323  57.1513 0007618   5.2497 354.8755 14.77234934836402
SWIFT                   
1 28485U 04047A   19051.67636161  .00000783  00000-0  23255-4 0  9993
2 28485  20.5560 163.7530 0011452  71.4740 288.6937 15.04303806780691
FORMOSAT-3 FM6          
1 29047U 06011A   19052.19792729 -.00000022  00000-0  74961-5 0  9990
2 29047  71.9802  14.2252 0050445 176.2797 183.8725 14.28665387672463
FORMOSAT-3 FM1          
1 29048U 06011B   19051.92300539  .00000039  00000-0  31540-4 0  9997
2 29048  71.9661 286.2633 0042662 132.7551 227.7188 14.28614428674898
FORMOSAT-3 FM5          
1 29049U 06011C   19051.53150421  .00000074  00000-0  45632-4 0  9994
2 29049  72.0195  95.9760 0034529 166.5074 193.6994 14.28697848670627
FORMOSAT-3 FM3          
1 29050U 06011D   19051.94918640  .00000126  00000-0  36876-4 0  9994
2 29050  72.0154 290.4723 0048477 123.0970 237.4850 14.58765083685966
FORMOSAT-3 FM4          
1 29051U 06011E   19051.96134667  .00000038  00000-0  30550-4 0  9991
2 29051  72.0074 358.0619 0066891  37.8697 322.7117 14.28724122673272
FORMOSAT-3 FM2          
1 29052U 06011F   19052.20463922  .00000044  00000-0  33344-4 0  9990
2 29052  72.0335  70.3338 0038363 124.3288 236.1489 14.28823177671634
CLOUDSAT                
1 29107U 06016A   19051.91359827  .00000100  00000-0  29051-4 0  9994
2 29107  98.1736 357.5564 0002864  87.8579 272.2951 14.62301516681804
CALIPSO                 
1 29108U 06016B   19051.91314272  .00000112  00000-0  31488-4 0  9990
2 29108  98.1755 357.3637 0001271  79.6785 280.4559 14.62301114681791
HINODE (SOLAR-B)        
1 29479U 06041A   19051.95827272  .00000054  00000-0  19149-4 0  9997
2 29479  98.1696  62.1749 0018353  87.5771 272.7533 14.64973989663246
SJ-6C                   
1 29505U 06046A   19052.14064271 -.00000022  00000-0  33337-5 0  9998
2 29505  97.8283  62.2295 0002200 174.8362 185.2841 14.94500034671565
SJ-6D                   
1 29506U 06046B   19052.00847597 -.00000668  00000-0 -58158-4 0  9998
2 29506  97.8478  61.9392 0000767 322.0710  38.0455 14.93424610671162
AGILE                   
1 31135U 07013A   19051.43242056  .00002204  00000-0  34142-4 0  9992
2 31135   2.4683   7.3079 0012397 197.0506 162.9131 15.31352828657845
AIM                     
1 31304U 07015A   19051.60454585  .00000611  00000-0  38728-4 0  9997
2 31304  97.9720 269.5025 0004679 191.8098 168.3023 15.12953240647662
FGRST (GLAST)           
1 33053U 08029A   19051.57017391  .00000463  00000-0  97059-5 0  9990
2 33053  25.5824 148.4088 0012280 177.4095 182.6505 15.11184395590202
WISE                    
1 36119U 09071A   19052.06375477  .00000631  00000-0  24736-4 0  9999
2 36119  97.3871  88.1057 0001344 335.9104  24.2073 15.29436089510071
SDO                     
1 36395U 10005A   19051.23868966 -.00000091  00000-0  00000-0 0  9997
2 36395  29.5562 129.5953 0000759  22.6560 341.1410  1.00267270 33255
CRYOSAT 2               
1 36508U 10013A   19052.11870861  .00000070  00000-0  16577-4 0  9993
2 36508  92.0305 350.8990 0009381  61.9209 298.2946 14.52172221470250
X-SAT                   
1 37389U 11015C   19052.13681636 -.00000034  00000-0  34788-5 0  9992
2 37389  98.5007 119.7338 0012874 259.1746 100.7996 14.24367347407621
GCOM-W1 (SHIZUKU)       
1 38337U 12025A   19051.86609606  .00000030  00000-0  16760-4 0  9998
2 38337  98.2296 353.5411 0001484  49.6027  18.3093 14.57112114359726
NUSTAR                  
1 38358U 12031A   19051.47924027  .00000935  00000-0  24261-4 0  9991
2 38358   6.0264 176.8097 0011301 131.9123 228.1970 14.88104081363940
RBSP A                  
1 38752U 12046A   19051.67209528 -.00000096  00000-0 -11689-4 0  9999
2 38752   9.9804 269.0241 6835683 328.4276   4.5039  2.68753714 63342
RBSP B                  
1 38753U 12046B   19046.24791872 -.00000067  00000-0 -69974-3 0  9992
2 38753   9.9994 286.0351 6856261 295.6281  16.4709  2.66338611 62708
NEOSSAT                 
1 39089U 13009D   19051.73130334  .00000002  00000-0  16342-4 0  9994
2 39089  98.5050 257.2321 0010087 282.3680  77.6376 14.34454429313356
IRIS                    
1 39197U 13033A   19052.12430287  .00000075  00000-0  17417-4 0  9999
2 39197  97.9435 234.9565 0027454 352.4016   7.6775 14.78605517304828
HISAKI (SPRINT-A)       
1 39253U 13049A   19051.62298902  .00000149  00000-0  11352-3 0  9992
2 39253  29.7201 127.6258 0137227 309.6672  49.1865 13.55205358268467
CASSIOPE                
1 39265U 13055A   19051.89113891  .00002468  00000-0  71543-4 0  9999
2 39265  80.9675  97.8922 0669969 270.8136  81.6391 14.26914767278924
STSAT-3                 
1 39422U 13066G   19052.12230550  .00000298  00000-0  36559-4 0  9992
2 39422  97.5743 102.0192 0023243   1.2568 358.8704 14.89700231285328
SWARM B                 
1 39451U 13067A   19051.88171062  .00000284  00000-0  11042-4 0  9994
2 39451  87.7474  64.3650 0001677 111.1372 249.0053 15.21489144276582
SWARM A                 
1 39452U 13067B   19051.89421496  .00000992  00000-0  21011-4 0  9998
2 39452  87.3473 306.5643 0003420  89.6855 270.4794 15.43642701294768
SWARM C                 
1 39453U 13067C   19051.89414299  .00001009  00000-0  21395-4 0  9997
2 39453  87.3477 307.9978 0003428  88.9769 271.1881 15.43642695294737
BRITE-TORONTO           
1 40020U 14033L   19052.18959093  .00000061  00000-0  18782-4 0  9995
2 40020  97.7581 262.4475 0087689 170.3922 189.8986 14.66552024250075
OCO 2                   
1 40059U 14035A   19052.19397068  .00000001  00000-0  10266-4 0  9991
2 40059  98.2229 354.8772 0001278  82.0271 278.1072 14.57114376246802
BRITE-PL 2              
1 40119U 14049B   19052.22649353  .00000129  00000-0  21818-4 0  9990
2 40119  97.9069 143.9059 0016278 242.3830 117.5732 14.84370406244243
RESURS P2               
1 40360U 14087A   19052.15320322  .00000452  00000-0  16551-4 0  9991
2 40360  97.2603 145.0039 0011164 107.3501 343.8540 15.32955798232417
MMS 1                   
1 40482U 15011A   19050.49242414 -.00001436  00000-0  00000+0 0  9995
2 40482   5.0824 106.1792 9136307  22.6836  19.2443  0.28555000  9828
MMS 2                   
1 40483U 15011B   19050.56020647 -.00001431  00000-0  00000+0 0  9991
2 40483   5.0822 106.2075 9138065  22.6209  26.3390  0.28554043  9803
MMS 3                   
1 40484U 15011C   19050.31722069 -.00001424  00000-0  00000+0 0  9994
2 40484   5.6745 104.9657 9139109  23.4406   1.3786  0.28577406  9814
MMS 4                   
1 40485U 15011D   19050.49242414 -.00001457  00000-0  00000+0 0  9991
2 40485   5.0914 106.0307 9120489  23.4582  18.7807  0.28581615  9800
ASTROSAT                
1 40930U 15052A   19049.02717260  .00000759  00000-0  17623-4 0  9991
2 40930   5.9948 202.1788 0008037 244.3343 115.6062 14.76236655183369
DAMPE                   
1 41173U 15078A   19052.10911301  .00000105  00000-0  72404-5 0  9998
2 41173  97.3005  53.1372 0014599 144.8752 284.6988 15.23763831176943
PISAT                   
1 41784U 16059B   19052.13368395  .00000079  00000-0  24353-4 0  9997
2 41784  98.0855 114.8198 0032565  34.0467 326.2816 14.63404046128368
HXMT (HUIYAN)           
1 42758U 17034A   19052.14075910  .00000078  00000-0  18709-4 0  9999
2 42758  43.0175 161.2863 0010867 239.1380 185.0414 15.08516817 93022
FLYING LAPTOP           
1 42831U 17042G   19051.95149489  .00000089  00000-0  14387-4 0  9991
2 42831  97.5786 309.6846 0015680  91.9472 268.3543 14.90956239 87396
PICSAT                  
1 43132U 18004X   19051.66857814  .00001112  00000-0  49977-4 0  9992
2 43132  97.5029 119.6567 0008563 315.0789  44.9753 15.23243794 61534
ZHANGZHENG-1 (CSES)     
1 43194U 18015C   19051.93703747  .00002148  00000-0  10000-3 0  9991
2 43194  97.3749 180.0066 0015750   7.3784 352.7511 15.20902866 58321
