ASTRA 1D                
1 23331U 94070A   19051.85279067 -.00000284  00000-0  00000-0 0  9997
2 23331   8.4442  45.1417 0003897 292.0413  47.3000  1.00271342 89478
ASTRA 1F                
1 23842U 96021A   19051.85327172  .00000117  00000-0  00000+0 0  9996
2 23842   0.0586 306.6002 0004615  25.4130 169.9401  1.00273697 83521
AMC-1 (GE-1)            
1 24315U 96054A   19052.15142399  .00000045  00000-0  00000+0 0  9998
2 24315   2.8699  81.8383 0002851 262.3655  90.1527  1.00272567 82214
AMC-2 (GE-2)            
1 24713U 97002A   19052.06573792 -.00000232  00000-0  00000+0 0  9998
2 24713   5.4672  62.8596 0005504 273.0692 113.5447  1.00270152 31526
AMC-3 (GE-3)            
1 24936U 97050A   19051.85287791 -.00000281  00000-0  00000-0 0  9990
2 24936   1.7046  89.1966 0003119 250.8851  45.4064  1.00272183 25628
NSS-5                   
1 24957U 97053A   19051.79946556  .00000086  00000-0  00000-0 0  9992
2 24957   5.0193  66.2921 0004168 287.7830 134.6343  1.00272973 78377
ASTRA 1G                
1 25071U 97076A   19051.80690456  .00000046  00000-0  00000+0 0  9997
2 25071   3.5878  75.8237 0003917 253.5862 168.6758  1.00271994 77739
NSS-806                 
1 25239U 98014A   19052.16719331  .00000063  00000-0  00000+0 0  9999
2 25239   0.4523 105.7814 0003138 220.6268 308.7475  0.99074471 76833
ASTRA 2A                
1 25462U 98050A   19051.88725321 -.00000326  00000-0  00000-0 0  9995
2 25462   0.5100  99.7855 0003298 221.3207 248.8341  1.00269725 19562
ASTRA 1H                
1 25785U 99033A   19051.45028718 -.00000296  00000-0  00000-0 0  9990
2 25785   5.0020  66.4359 0002972 266.3542 272.2437  1.00268828 24601
AMC-4 (GE-4)            
1 25954U 99060A   19051.95019505  .00000065  00000-0  00000-0 0  9990
2 25954   0.0895 282.9583 0002688  59.6348  15.1318  1.00272948 16880
ASTRA 2B                
1 26494U 00054A   19052.15829524  .00000096  00000-0  00000+0 0  9991
2 26494   3.4827  76.4741 0005324 257.7106 252.9332  1.00271475 67435
AMC-7 (GE-7)            
1 26495U 00054B   19051.95403130  .00000066  00000-0  00000-0 0  9998
2 26495   0.2073  95.2122 0002203 226.4557  37.3458  1.00272848 67420
NSS-11 (AAP-1)          
1 26554U 00059A   19051.90234502  .00000002  00000-0  00000+0 0  9998
2 26554   0.0538 292.1687 0002123  41.0654 318.1113  1.00268867 67372
AMC-6 (GE-6)            
1 26580U 00067A   19051.85069701 -.00000237  00000-0  00000-0 0  9999
2 26580   0.0608 296.4853 0002840  28.4669  48.7500  1.00271231 67164
ASTRA 2D                
1 26638U 00081A   19051.86830344  .00000010  00000-0  00000-0 0  9997
2 26638   4.8367  67.1809 0002019 257.7579 143.3379  1.00274239 26107
AMC-8 (GE-8)            
1 26639U 00081B   19051.92355212  .00000082  00000-0  00000-0 0  9990
2 26639   0.0216 272.9428 0002463  31.3621  39.7103  1.00272798 66520
ASTRA 2C                
1 26853U 01025A   19051.87196735  .00000115  00000-0  00000-0 0  9991
2 26853   1.7301  88.9199 0003126 238.1015 161.0388  1.00270334 18257
ASTRA 3A                
1 27400U 02015B   19051.85792236 -.00000302  00000-0  00000-0 0  9995
2 27400   4.9815  65.9067 0003148 263.4691  82.9189  1.00267664 61918
NSS-7                   
1 27414U 02019A   19052.15044400 -.00000179  00000-0  00000+0 0  9992
2 27414   3.1836  79.7236 0002413 255.1668 210.0143  1.00271146 61750
NSS-6                   
1 27603U 02057A   19052.10159189 -.00000292  00000-0  00000+0 0  9996
2 27603   0.0057 136.6479 0002817 169.9042 335.7208  1.00271757 59289
AMC-10 (GE-10)          
1 28154U 04003A   19051.78094828 -.00000020  00000-0  00000+0 0  9991
2 28154   0.1719  33.0567 0003560 315.2729 286.8452  0.99139952 55122
AMC-11 (GE-11)          
1 28252U 04017A   19051.62590562  .00000048  00000-0  00000-0 0  9994
2 28252   0.0681 291.4971 0002953  49.3763 263.6844  1.00270954 54112
AMC-15                  
1 28446U 04041A   19051.63105253 -.00000110  00000-0  00000+0 0  9996
2 28446   0.0577 297.1344 0002773  36.9861 298.2409  1.00270680 52552
AMC-16                  
1 28472U 04048A   19051.56327021 -.00000228  00000-0  00000+0 0  9993
2 28472   0.0201 267.4421 0002849  55.4588 305.0719  1.00269213 52008
NSS-10 (AMC-12)         
1 28526U 05003A   19051.85984156 -.00000273  00000-0  00000-0 0  9996
2 28526   0.0166 136.4228 0003100 212.9262  73.2371  1.00268555 26342
ASTRA 1KR               
1 29055U 06012A   19051.87109499  .00000097  00000-0  00000-0 0  9999
2 29055   0.0864 274.4219 0003700  14.8347 193.9993  1.00272583 18928
AMC-18                  
1 29644U 06054B   19051.92849472  .00000082  00000-0  00000-0 0  9991
2 29644   0.0606 285.6110 0001579  97.1769 322.9843  1.00272663 44773
ASTRA 1L                
1 31306U 07016A   19051.87109499  .00000097  00000-0  00000-0 0  9996
2 31306   0.0946 292.8040 0005210  21.2932 169.1613  1.00272544 18243
ASTRA 4A (SIRIUS 4)     
1 32299U 07057A   19051.90015714  .00000010  00000-0  00000-0 0  9998
2 32299   0.0193  87.4655 0003003 242.9412 148.9492  1.00271502 24882
AMC-21                  
1 33275U 08038B   19052.15986358  .00000014  00000-0  00000+0 0  9995
2 33275   0.0613 300.0679 0002841  40.3910 102.9485  1.00272179 38660
ASTRA 1M                
1 33436U 08057A   19051.89494036  .00000097  00000-0  00000-0 0  9994
2 33436   0.0106 150.7612 0000431 200.0369 141.0619  1.00270221 18936
CIEL-2                  
1 33453U 08063A   19052.15564703  .00000036  00000-0  00000+0 0  9991
2 33453   0.0500 284.3295 0003254  58.8491  94.7549  1.00272043 37341
NSS-9                   
1 33749U 09008A   19051.72020998  .00000049  00000-0  00000+0 0  9998
2 33749   0.0618 302.4062 0002416  33.8679 256.3964  1.00271748 36755
SES-7 (PROTOSTAR 2)     
1 34941U 09027A   19051.88882345 -.00000367  00000-0  00000-0 0  9998
2 34941   0.0111 111.8229 0001849 186.3886 280.4986  1.00270158 35832
NSS-12                  
1 36032U 09058A   19052.16579753  .00000049  00000-0  00000+0 0  9998
2 36032   0.0148 108.3472 0002970 240.0821 279.0476  1.00270627 34129
SES-1                   
1 36516U 10016A   19052.20124873 -.00000137  00000-0  00000+0 0  9994
2 36516   0.0202 262.7391 0002699  78.8224 140.7081  1.00269673 32330
ASTRA 3B                
1 36581U 10021A   19051.87196735  .00000114  00000-0  00000-0 0  9995
2 36581   0.0309  41.9114 0003207 295.8047 150.1641  1.00269408 32074
SES-3                   
1 37748U 11035A   19051.91857090 -.00000124  00000-0  00000+0 0  9991
2 37748   0.0345 299.6368 0002748  42.0001  36.5764  1.00273574 27890
ASTRA 1N                
1 37775U 11041A   19051.87109499  .00000097  00000-0  00000-0 0  9995
2 37775   0.0458 354.5537 0005041  10.8925 117.8018  1.00270813 17720
SES-2                   
1 37809U 11049A   19052.22345081 -.00000218  00000-0  00000+0 0  9995
2 37809   0.0664 286.9540 0002739  38.5665 178.7386  1.00270769 27206
QUETZSAT 1              
1 37826U 11054A   19052.23942030 -.00000264  00000-0  00000+0 0  9999
2 37826   0.0077 276.8610 0002854  73.7864 169.4086  1.00268127 27297
SES-4                   
1 38087U 12007A   19051.86289481 -.00000190  00000-0  00000-0 0  9999
2 38087   0.0199  60.3342 0002313 283.9177  94.8596  1.00273182 25441
SES-5                   
1 38652U 12036A   19051.79652348  .00000011  00000-0  00000-0 0  9998
2 38652   0.0201 127.1782 0002287 213.4645 101.4886  1.00271963 17691
ASTRA 2F                
1 38778U 12051A   19051.87292694  .00000127  00000-0  00000-0 0  9995
2 38778   0.0714 234.0710 0002836  41.4080 217.4209  1.00270200 14361
SES-6                   
1 39172U 13026A   19051.85923090 -.00000283  00000-0  00000-0 0  9990
2 39172   0.0659 294.9354 0002155  31.6227  92.7192  1.00271099 20915
O3B FM5                 
1 39188U 13031A   19051.76605802 -.00000026  00000-0  00000-0 0  9996
2 39188   0.0491  27.9702 0002718 295.7334  36.2712  5.00064010103408
O3B FM4                 
1 39189U 13031B   19051.27048729 -.00000025  00000-0  00000-0 0  9991
2 39189   0.0497 355.6550 0002561 335.7820  28.5424  5.00115779103377
O3B FM2                 
1 39190U 13031C   19051.63527936 -.00000025  00000-0  00000+0 0  9994
2 39190   0.0528 350.8965 0007753 329.9483  39.0925  5.00116982103357
O3B PFM                 
1 39191U 13031D   19051.66924714 -.00000025  00000-0  00000-0 0  9994
2 39191   0.0461  18.2479 0006749 332.0751   9.6573  5.00112878103280
ASTRA 2E                
1 39285U 13056A   19051.87292694  .00000128  00000-0  00000-0 0  9996
2 39285   0.0679  49.6487 0002245 282.8550 160.7333  1.00274467 19668
SES-8                   
1 39460U 13071A   19052.09424324 -.00000292  00000-0  00000+0 0  9992
2 39460   0.0618 276.9940 0001677  82.6278 279.9832  1.00273619 19065
ASTRA 5B                
1 39617U 14011B   19052.16073785  .00000132  00000-0  00000+0 0  9992
2 39617   0.0304   9.0709 0003205 317.8296 273.2268  1.00273512 18062
O3B FM3                 
1 40079U 14038A   19051.76986933 -.00000025  00000-0  00000-0 0  9991
2 40079   0.0488   4.7276 0001067  31.4815 323.7915  5.00116035 79472
O3B FM7                 
1 40080U 14038B   19051.31990382 -.00000025  00000-0  00000-0 0  9997
2 40080   0.0477   2.3837 0002550 326.7917  30.8031  5.00116323 84235
O3B FM6                 
1 40081U 14038C   19051.53572061 -.00000025  00000-0  00000+0 0  9991
2 40081   0.0482   3.7165 0002567 328.1207  28.1423  5.00115469 84377
O3B FM8                 
1 40082U 14038D   19051.58655083 -.00000025  00000-0  00000-0 0  9994
2 40082   0.0478 359.8709 0002566 331.0447  29.0634  5.00114999 84337
O3B FM10                
1 40348U 14083A   19051.81980362 -.00000026  00000-0  00000-0 0  9997
2 40348   0.0430  12.9287 0002515 318.2828  28.7680  5.00114284 76315
O3B FM11                
1 40349U 14083B   19051.63597695 -.00000025  00000-0  00000+0 0  9999
2 40349   0.0476  14.5190 0002837 301.7901  43.6618  5.00115828 76304
O3B FM12                
1 40350U 14083C   19051.70319500 -.00000025  00000-0  00000-0 0  9997
2 40350   0.0472  13.3302 0002776 314.6144  32.0319  5.00115568 76310
O3B FM9                 
1 40351U 14083D   19051.48614666 -.00000025  00000-0  00000-0 0  9994
2 40351   0.0486  15.2438 0002580 314.7461  29.9887  5.00114554 76312
ASTRA 2G                
1 40364U 14089A   19051.87292694  .00000127  00000-0  00000-0 0  9992
2 40364   0.0307  12.9208 0003885   9.2047 110.8026  1.00273877 15163
SES-9                   
1 41380U 16013A   19051.67362367 -.00000367  00000-0  00000-0 0  9990
2 41380   0.0506 284.8184 0001462 106.4285 109.8478  1.00270581 10656
SES-10                  
1 42432U 17017A   19051.56693412 -.00000294  00000-0  00000+0 0  9998
2 42432   0.0183  93.6207 0002941 244.0222 309.7257  1.00269326  6950
SES-15                  
1 42709U 17026A   19052.15353478  .00000037  00000-0  00000+0 0  9990
2 42709   0.0255 125.9277 0000875 251.5333  59.4369  1.00270977  7388
SES-11 (ECHOSTAR 105)   
1 42967U 17063A   19051.63113977 -.00000111  00000-0  00000+0 0  9991
2 42967   0.0101 145.4846 0002847 190.5748 296.4312  1.00271200  4991
SES-14                  
1 43175U 18012B   19051.85783513 -.00000301  00000-0  00000-0 0  9993
2 43175   0.0204 107.8263 0001182 220.5229  83.4257  1.00269993  4269
O3B FM15                
1 43231U 18024A   19051.75314328 -.00000025  00000-0  00000-0 0  9995
2 43231   0.0396  12.1454 0002750 319.9871  27.8461  5.00115381 17428
O3B FM16                
1 43232U 18024B   19051.00319210 -.00000025  00000-0  00000-0 0  9999
2 43232   0.0354  12.4738 0003128 316.8613  30.6401  5.00115954 17399
O3B FM14                
1 43233U 18024C   19051.65232980 -.00000025  00000-0  00000-0 0  9999
2 43233   0.0340  11.6753 0003093 322.0152  26.2871  5.00115445 17422
O3B FM13                
1 43234U 18024D   19051.66924543 -.00000025  00000-0  00000-0 0  9994
2 43234   0.0314  19.4855 0005151 323.0402  17.4499  5.00112844 17416
SES-12                  
1 43488U 18049A   19052.10237701 -.00000274  00000-0  00000+0 0  9990
2 43488   0.0478 325.2765 0001522 211.6430 109.3907  1.00028118  2625
