LEMUR-1                 
1 40044U 14033AL  19051.85107328  .00000122  00000-0  25411-4 0  9995
2 40044  97.7749 284.1378 0060393 118.0836 242.6497 14.74058406250817
LEMUR-2-JOEL            
1 40932U 15052C   19050.67496813  .00000830  00000-0  24781-4 0  9997
2 40932   6.0072 172.9775 0014054 297.9838  61.8868 14.77789611183755
LEMUR-2-CHRIS           
1 40933U 15052D   19043.86604553  .00004381  00000-0  50428-3 0  9994
2 40933   6.0064 219.6673 0014139 211.1797 148.9786 14.77964152182760
LEMUR-2-PETER           
1 40935U 15052F   19042.86586950  .00000428  00000-0 -29238-4 0  9990
2 40935   6.0106 239.5649 0009690 168.1752 189.9324 14.77048331182485
LEMUR-2-XIAOQING        
1 41871U 16062C   19051.91285343  .00002483  00000-0  11101-3 0  9991
2 41871  51.6428  44.3199 0006006 296.8369  63.1995 15.25190289124534
LEMUR-2-SOKOLSKY        
1 41872U 16062D   19051.87802006  .00000739  00000-0  42769-4 0  9995
2 41872  51.6827  47.1420 0003762  67.3418 292.7958 15.24947114124511
LEMUR-2-ANUBHAVTHAKUR   
1 41873U 16062E   19052.19891802  .00001496  00000-0  77235-4 0  9991
2 41873  51.6434  50.8483 0003462 241.0262 119.0369 15.22779943124441
LEMUR-2-WINGO           
1 41874U 16062F   19051.90428873  .00001114  00000-0  58093-4 0  9992
2 41874  51.6596  47.1165 0011576 221.8934 138.1160 15.24707199124485
LEMUR-2-SATCHMO         
1 41991U 17008AV  19051.89986956  .00001062  00000-0  46857-4 0  9999
2 41991  97.4175 119.0898 0007233 191.6705 168.4366 15.23923004111274
LEMUR-2-MIA-GRACE       
1 41992U 17008AW  19051.66555186  .00001460  00000-0  61793-4 0  9990
2 41992  97.4188 119.4514 0007105 190.6998 169.4089 15.24781892111270
LEMUR-2-SMITA-SHARAD    
1 41993U 17008AX  19052.15443727  .00001110  00000-0  48601-4 0  9998
2 41993  97.4173 119.5050 0007204 189.9538 170.1558 15.24110204111321
LEMUR-2-SPIRE-MINIONS   
1 41994U 17008AY  19051.94923308  .00001500  00000-0  63457-4 0  9992
2 41994  97.4184 119.6579 0007196 188.9506 171.1604 15.24736940111318
LEMUR-2-RDEATON         
1 41995U 17008AZ  19052.19569063  .00001090  00000-0  47670-4 0  9998
2 41995  97.4175 119.6167 0007873 205.4577 154.6273 15.24173698112018
LEMUR-2-NOGUECORREIG    
1 41996U 17008BA  19051.87981759  .00001437  00000-0  61067-4 0  9994
2 41996  97.4201 119.6770 0007760 205.8680 154.2171 15.24654351111206
LEMUR-2-JOBANPUTRA      
1 41997U 17008BB  19051.75102501  .00001469  00000-0  62032-4 0  9990
2 41997  97.4197 119.6963 0007697 205.9353 154.1500 15.24842981111283
LEMUR-2-TACHIKOMA       
1 41998U 17008BC  19052.16624350  .00001088  00000-0  47758-4 0  9993
2 41998  97.4174 119.4939 0007776 206.1848 153.8997 15.24068605111245
LEMUR-2-ANGELA          
1 42752U 17019B   19052.00073894  .00001751  00000-0  71808-4 0  9998
2 42752  51.6422 335.2751 0010257  21.5994 338.5417 15.29956342 95194
LEMUR-2-JENNYBARNA      
1 42753U 17019C   19051.99667686  .00002686  00000-0  10077-3 0  9992
2 42753  51.6405 333.0506 0009913  23.7665 336.3772 15.30854444 95176
LEMUR-2-ROBMOORE        
1 42754U 17019D   19052.03533744  .00001359  00000-0  58660-4 0  9993
2 42754  51.6422 335.4900 0010284  23.9957 336.1501 15.29862497 95172
LEMUR-2-SPIROVISION     
1 42755U 17019E   19051.38546594  .00002433  00000-0  92255-4 0  9990
2 42755  51.6453 336.2382 0010001  22.1079  72.0103 15.30921617 94998
LEMUR-2-SHAINAJOHL      
1 42771U 17036G   19051.89144763  .00001230  00000-0  57241-4 0  9995
2 42771  97.3690 111.6461 0013054 274.3230  85.6514 15.21744950 92313
LEMUR-2-XUENITERENCE    
1 42772U 17036H   19051.73299077  .00001402  00000-0  64577-4 0  9999
2 42772  97.3676 111.5227 0012620 274.5728  85.4066 15.21882824 92299
LEMUR-2-LUCYBRYCE       
1 42773U 17036J   19052.15282935  .00000712  00000-0  34051-4 0  9999
2 42773  97.3702 112.2432 0012437 271.1774  88.8038 15.22126332 92377
LEMUR-2-KUNGFOO         
1 42774U 17036K   19052.10274527  .00001282  00000-0  59284-4 0  9991
2 42774  97.3689 111.9761 0012453 272.5406  87.4405 15.21893801 92349
LEMUR-2-LYNSEY-SYMO     
1 42779U 17036Q   19052.15312856  .00001639  00000-0  72593-4 0  9993
2 42779  97.3705 112.8770 0010422 281.0113  78.9951 15.23013845 92397
LEMUR-2-LISASAURUS      
1 42780U 17036R   19051.71421457  .00001100  00000-0  50384-4 0  9991
2 42780  97.3694 112.1961 0010508 283.4206  76.5859 15.22537505 92322
LEMUR-2-SAM-AMELIA      
1 42781U 17036S   19051.88575971  .00000755  00000-0  35194-4 0  9998
2 42781  97.3705 112.5996 0010489 282.2989  77.7074 15.22842204 92351
LEMUR-2-MCPEAKE         
1 42782U 17036T   19051.90289422  .00001261  00000-0  56918-4 0  9995
2 42782  97.3702 112.5970 0010217 282.5050  77.5044 15.22768082 92358
LEMUR-2-GREENBERG       
1 42837U 17042N   19052.19619431  .00000626  00000-0  67393-4 0  9995
2 42837  97.5796 310.4562 0014670  87.9051 272.3848 14.91744499 87470
LEMUR-2-ANDIS           
1 42838U 17042P   19052.18669909  .00000585  00000-0  63253-4 0  9995
2 42838  97.5797 310.4668 0014765  87.8342 272.4568 14.91767681 87474
LEMUR-2-MONSON          
1 42839U 17042Q   19051.65857065  .00000436  00000-0  48734-4 0  9991
2 42839  97.5798 309.9384 0014458  89.0435 271.2440 14.91634753 87390
LEMUR-2-FURIAUS         
1 42840U 17042R   19051.68112403  .00000266  00000-0  31636-4 0  9990
2 42840  97.5797 310.0568 0014674  89.2131 271.0770 14.91786096 87395
LEMUR-2-PETERG          
1 42841U 17042S   19051.95058807  .00000268  00000-0  31691-4 0  9991
2 42841  97.5799 310.4745 0014261  86.3549 273.9301 14.91993087 87450
LEMUR-2-DEMBITZ         
1 42842U 17042T   19051.94340685  .00000352  00000-0  40012-4 0  9990
2 42842  97.5797 310.4719 0014288  86.9706 273.3148 14.92015796 87456
LEMUR-2-ZACHARY         
1 42845U 17042W   19051.92917093  .00000536  00000-0  57709-4 0  9999
2 42845  97.5745 310.2620 0014549  90.5530 269.7357 14.92250565 87453
LEMUR-2-ARTFISCHER      
1 42881U 17042BJ  19052.16582135  .00003606  00000-0  98876-4 0  9992
2 42881  96.9565 300.7363 0010358 287.4937  72.5176 15.37841636 89856
LEMUR-2-ROCKETJONAH     
1 43041U 17071E   19051.85390310  .00004338  00000-0  10869-3 0  9998
2 43041  51.6373 265.0613 0000519  58.8371 301.2666 15.42240608 70259
LEMUR-2-YONGLIN         
1 43045U 17071J   19051.88772006  .00003511  00000-0  87711-4 0  9994
2 43045  51.6378 263.8071 0004874  81.5501 278.6037 15.42974228 68009
LEMUR-2-KEVIN           
1 43046U 17071K   19051.80474188  .00003588  00000-0  92283-4 0  9991
2 43046  51.6387 265.5189 0004378  80.8900 279.2581 15.42002098 67976
LEMUR-2-BRIANDAVIE      
1 43047U 17071L   19051.88588181  .00004159  00000-0  10573-3 0  9995
2 43047  51.6372 266.0050 0003580 117.8482 242.2866 15.41914884 67963
LEMUR-2-ROMACOSTE       
1 43048U 17071M   19051.83515739  .00003466  00000-0  88407-4 0  9992
2 43048  51.6383 265.6989 0003504 117.4676 242.6666 15.42369095 67960
LEMUR-2-MCCULLAGH       
1 43051U 17071Q   19051.80486216  .00003833  00000-0  96715-4 0  9999
2 43051  51.6377 265.4905 0000516 198.6746 161.4221 15.42370185 67914
LEMUR-2-DUNLOP          
1 43053U 17071S   19052.18419818  .00004764  00000-0  12076-3 0  9998
2 43053  51.6371 264.9897 0000729 210.3206 149.7737 15.41639984 67963
LEMUR-2-LIU-POU-CHUN    
1 43054U 17071T   19052.12334612  .00005562  00000-0  13684-3 0  9994
2 43054  51.6375 263.8650 0000721  76.4541 283.6525 15.42199626 67977
LEMUR-2-MCCAFFERTY      
1 43123U 18004N   19052.20554661  .00001511  00000-0  65796-4 0  9997
2 43123  97.5036 120.3402 0008458 310.2018  49.8478 15.23783394 61616
LEMUR-2-PETERWEBSTER    
1 43124U 18004P   19051.77146956  .00001398  00000-0  61470-4 0  9991
2 43124  97.5037 119.8463 0008605 310.6594  49.3894 15.23575992 61558
LEMUR-2-BROWNCOW        
1 43125U 18004Q   19051.86986474  .00001810  00000-0  78101-4 0  9997
2 43125  97.5036 120.0139 0008471 311.8368  48.2145 15.23823087 61575
LEMUR-2-DAVEWILSON      
1 43126U 18004R   19051.61636485  .00001748  00000-0  75802-4 0  9990
2 43126  97.5037 119.7483 0008487 313.2054  46.8473 15.23701737 61530
LEMUR-2-MARSHALL        
1 43165U 18010C   19051.91713753  .00001561  00000-0  71660-4 0  9998
2 43165  82.9188 128.6169 0029960 295.9001  63.9147 15.19239417 60077
LEMUR-2-TALLHAMN-ATC    
1 43167U 18010E   19051.66463445  .00000936  00000-0  44948-4 0  9996
2 43167  82.9219 130.0523 0023386 306.5489  53.3592 15.17319000 59968
LEMUR-2-JIN-LUEN        
1 43182U 18014C   19051.70020142  .00000809  00000-0  76877-4 0  9990
2 43182  97.7111 321.2064 0015585  47.6828 312.5711 14.96137336 57468
LEMUR-2-URAMCHANSOL     
1 43183U 18014D   19051.75770544  .00000989  00000-0  92756-4 0  9997
2 43183  97.7109 321.2817 0015320  47.9625 312.2898 14.96179462 57477
LEMUR-2-KADI            
1 43184U 18014E   19051.68498605  .00000807  00000-0  76589-4 0  9990
2 43184  97.7107 321.2252 0015198  48.9029 311.3502 14.96204888 57463
LEMUR-2-THENICKMOLO     
1 43185U 18014F   19052.01342381  .00000641  00000-0  61947-4 0  9996
2 43185  97.7106 321.5624 0014918  48.1359 312.1132 14.96189769 57510
LEMUR-2-VU              
1 43558U 18046E   19051.73290537  .00001204  00000-0  55052-4 0  9994
2 43558  51.6415 261.8979 0007942  15.8825 344.2402 15.28754522 33514
LEMUR-2-ALEXANDER       
1 43559U 18046F   19052.12354621  .00001996  00000-0  82858-4 0  9996
2 43559  51.6416 260.0060 0007930  17.4481 342.6770 15.28800458 33353
LEMUR-2-YUASA           
1 43560U 18046G   19051.93182752  .00001298  00000-0  58376-4 0  9993
2 43560  51.6411 260.9701 0008449  30.4798 329.6671 15.28748092 33544
LEMUR-2-TOMHENDERSON    
1 43561U 18046H   19051.99431950  .00001464  00000-0  64160-4 0  9990
2 43561  51.6413 260.6388 0008465  30.5096 329.6375 15.28782310 33110
LEMUR-2-ZUPANSKI        
1 43695U 18088F   19051.91767228  .00001304  00000-0  58754-4 0  9991
2 43695  85.0320  35.8934 0015354 278.7892  81.1610 15.19905253 15452
LEMUR-2-CHANUSIAK       
1 43697U 18088H   19051.93196374  .00001419  00000-0  62705-4 0  9991
2 43697  85.0380  35.8907 0013919 258.9385 101.0291 15.20668995 15472
LEMUR-2-ORZULAK         
1 43731U 18096N   19052.13715191  .00001436  00000-0  56923-4 0  9990
2 43731  97.4746 122.2658 0022278  34.5284  48.9318 15.26857778 12800
LEMUR-2-KOBYSZCZE       
1 43732U 18096P   19052.19775042  .00001750  00000-0  68577-4 0  9995
2 43732  97.4750 122.3355 0022493  35.2079  41.7079 15.26942295 12815
LEMUR-2-DULY            
1 43745U 18096AC  19052.06630983  .00001870  00000-0  73234-4 0  9998
2 43745  97.4746 122.1948 0022162  35.2510  20.9624 15.26879595 12809
LEMUR-2-VLADIMIR        
1 43746U 18096AD  19052.06338703  .00001957  00000-0  76266-4 0  9998
2 43746  97.4743 122.2004 0022362  35.7563  27.2104 15.26971348 12820
LEMUR-2-CHRISTINAHOLT   
1 43882U 18111G   19051.91715446  .00000193  00000-0  22106-4 0  9998
2 43882  97.7273 321.6372 0013328  60.3683 299.8864 14.96372828  8339
LEMUR-2-TINYKEV         
1 43883U 18111H   19051.91552464  .00000290  00000-0  30670-4 0  9991
2 43883  97.7277 321.6416 0013282  60.4850 299.7694 14.96415878  8332
LEMUR-2-REMY-COLTON     
1 43884U 18111J   19051.91443979  .00000137  00000-0  17204-4 0  9990
2 43884  97.7280 321.6453 0013207  60.8561 299.3980 14.96433372  8331
LEMUR-2-GUSTAVO         
1 43885U 18111K   19052.17946859  .00000255  00000-0  27503-4 0  9999
2 43885  97.7283 321.9147 0013121  59.5417 300.7099 14.96502544  6387
LEMUR-2-ZO              
1 43886U 18111L   19051.90898067  .00000508  00000-0  49661-4 0  9997
2 43886  97.7288 321.6577 0013073  60.0226 300.2291 14.96583275  8334
LEMUR-2-NATALIEMURRAY   
1 43887U 18111M   19051.70503050  .00001026  00000-0  94910-4 0  9994
2 43887  97.7287 321.4638 0013150  59.5957 300.6562 14.96684096  8305
LEMUR-2-SARAHBETTYBOO   
1 43888U 18111N   19052.17073568  .00001072  00000-0  98736-4 0  9994
2 43888  97.7294 321.9342 0013125  57.5286 302.7203 14.96750715  8370
LEMUR-2-DAISY-HARPER    
1 43889U 18111P   19052.16888508  .00001173  00000-0  10740-3 0  9992
2 43889  97.7293 321.9360 0013192  57.1476 303.1014 14.96799867  8366
