ISS (ZARYA)             
1 25544U 98067A   19052.37019900  .00001092  00000-0  24440-4 0  9996
2 25544  51.6400 217.1090 0005947  51.3143  20.9973 15.53281760157269
TIANGONG-2              
1 41765U 16057A   19052.03409722  .00003324  00000-0  43364-4 0  9992
2 41765  42.7846 299.5084 0007231 191.4222  15.2832 15.60731574138885
BANXING-2               
1 41834U 16057H   19051.88969602  .00036935  87208-5  11896-3 0  9997
2 41834  42.7767 200.7833 0015183 311.8416 186.5237 15.91079904134038
HAVELSAT                
1 42700U 98067LH  19051.48842944  .00614820  22114-3  50688-3 0  9996
2 42700  51.6178 143.0155 0008065   3.4106 356.6963 16.13292915101341
CXBN-2                  
1 42704U 98067LM  19051.65862636  .00521835  15479-3  47706-3 0  9995
2 42704  51.6203 144.2567 0007900   2.6330 357.4725 16.11788326101261
PHOENIX                 
1 42706U 98067LP  19052.16213664  .00067561  00000-0  27785-3 0  9992
2 42706  51.6266 154.6398 0002507   8.2340 351.8705 15.85323996101163
X-CUBESAT               
1 42707U 98067LQ  19034.96093632  .08699549  12398-4  73318-3 0  9997
2 42707  51.6151 225.9993 0006204 290.2952  69.7401 16.38701088 98669
QBEE50-LTU-OC           
1 42708U 98067LR  19052.13234159  .00887031  51193-3  60973-3 0  9993
2 42708  51.6146 140.5790 0008544   5.4546 354.6561 16.15898321101294
ALTAIR PATHFINDER       
1 42711U 98067LS  19051.83715583  .00024044  00000-0  17581-3 0  9990
2 42711  51.6333 177.4863 0003309  37.1998 322.9229 15.73081693100492
SHARC                   
1 42712U 98067LT  19051.56209836  .00075461  00000-0  34438-3 0  9999
2 42712  51.6310 174.1398 0002483 351.4969   8.5991 15.83092259100750
ZA-AEROSAT              
1 42713U 98067LU  19051.79908043  .00057095  00000-0  25764-3 0  9996
2 42713  51.6329 162.0604 0002832  11.4193 348.6874 15.83441162100699
CSUNSAT 1               
1 42715U 98067LW  19052.16021538  .00082070  00000-0  31476-3 0  9993
2 42715  51.6300 156.9355 0003742  17.6201 342.4932 15.86684691100791
SPACECUBE               
1 42717U 98067LY  19051.71239430  .00575830  18975-3  51231-3 0  9992
2 42717  51.6100 143.6599 0007604   4.3019 355.8059 16.12192831100298
NJUST-1                 
1 42722U 98067MB  19052.20498581  .00042645  00000-0  22608-3 0  9993
2 42722  51.6373 164.6999 0003450  71.6181   2.9064 15.80086257 99768
LILACSAT-1              
1 42725U 98067ME  19052.13758866  .00144262  19310-4  36540-3 0  9999
2 42725  51.6308 151.2911 0004464  16.7384  50.8218 15.95212215 99849
NSIGHT-1                
1 42726U 98067MF  19051.75431244  .00015134  00000-0  14595-3 0  9998
2 42726  51.6374 189.8846 0004822  83.6612 276.4933 15.66719609 99300
SNUSAT-1B               
1 42727U 98067MG  19052.17522801  .00151708  20018-4  40602-3 0  9997
2 42727  51.6261 151.5862 0005101  20.0019 340.1187 15.94158245 99806
POLYITAN-2-SAU          
1 42732U 98067MM  19035.84948260  .08466551  12392-4  69401-3 0  9996
2 42732  51.6102 222.7661 0006965 282.1368 217.9093 16.38912453 97286
SNUSAT-1                
1 42733U 98067MN  19051.71479626  .00204299  28808-4  37538-3 0  9992
2 42733  51.6229 149.1694 0006554   9.2116 350.9013 16.00802936 99687
BEEAGLESAT              
1 42736U 98067MR  19052.12048517  .00080423  00000-0  28954-3 0  9995
2 42736  51.6294 155.8313 0002837  50.8061 309.3196 15.87982647 99698
KESTREL EYE IIM (KE2M)  
1 42982U 98067NE  19051.80375736  .00006743  00000-0  85437-4 0  9991
2 42982  51.6370 206.7364 0004362  59.7654 300.3771 15.60791680 75497
ASTERIA                 
1 43020U 98067NH  19051.90597955  .00013371  00000-0  13452-3 0  9997
2 43020  51.6415 199.2756 0002338  33.0971 327.0171 15.65784720 71375
DELLINGR (RBLE)         
1 43021U 98067NJ  19052.00001930  .00008011  00000-0  99372-4 0  9994
2 43021  51.6379 205.8245 0002243  24.9341 335.1760 15.61044207 71297
OSIRIS-3U               
1 43027U 98067NL  19051.75895529  .00323943  55772-4  59522-3 0  9992
2 43027  51.6309 171.5891 0007979 342.0225  18.0502 16.00678489 71603
1KUNS-PF                
1 43466U 98067NP  19051.90011466  .00016208  00000-0  18876-3 0  9996
2 43466  51.6375 210.3962 0000279   5.0932 355.0065 15.61841570 44484
UBAKUSAT                
1 43467U 98067NQ  19052.03484112  .00010590  00000-0  13447-3 0  9991
2 43467  51.6371 211.2915 0002240 346.1069  13.9862 15.60019267 44494
BATSU-CS1 (IRAZU)       
1 43468U 98067NR  19051.85384906  .00018447  00000-0  20265-3 0  9996
2 43468  51.6371 209.3321 0000229 311.3261  48.7714 15.63245861144483
CUBERRT                 
1 43546U 98067NU  19051.88497670  .00006359  00000-0  82455-4 0  9998
2 43546  51.6375 214.0319 0005463  51.3368 308.8113 15.60290541 34571
TEMPEST-D               
1 43547U 98067NV  19051.90564300  .00006647  00000-0  98302-4 0  9995
2 43547  51.6374 216.4160 0006165  48.0882 312.0635 15.56624704 34220
RAINCUBE                
1 43548U 98067NW  19051.85779767  .00010201  00000-0  13702-3 0  9996
2 43548  51.6364 215.3468 0005668  56.0660 304.0870 15.58557772 34683
HALOSAT                 
1 43549U 98067NX  19051.85810903  .00009004  00000-0  12192-3 0  9996
2 43549  51.6366 215.3517 0005647  58.9208 301.2338 15.58516119 34247
1998-067NY              
1 43550U 98067NY  19051.89905162  .00017775  00000-0  21417-3 0  9998
2 43550  51.6359 213.3602 0004125  73.4520 286.6926 15.60871749 34732
ENDUROSAT ONE           
1 43551U 98067NZ  19051.90764361  .00012923  00000-0  16606-3 0  9999
2 43551  51.6377 214.1836 0005919  65.8762 294.2849 15.59460933 34675
EQUISAT                 
1 43552U 98067PA  19051.88268831  .00010887  00000-0  14430-3 0  9998
2 43552  51.6384 214.7725 0006355  65.3288 294.8366 15.58829193 34621
1998-067PB              
1 43553U 98067PB  19051.66648717  .00008154  00000-0  11239-3 0  9998
2 43553  51.6386 216.3387 0006606  64.1041 296.0632 15.58182909 34637
1998-067PC              
1 43554U 98067PC  19051.83175804  .00011489  00000-0  14754-3 0  9990
2 43554  51.6373 214.4282 0006022  64.6296 295.5320 15.59609241 34201
AEROCUBE 12A            
1 43556U 18046C   19051.96721364  .00001120  00000-0  52742-4 0  9994
2 43556  51.6423 261.1992 0008599  13.7176 346.4036 15.28320909 33553
AEROCUBE 12B            
1 43557U 18046D   19051.77646800  .00001295  00000-0  59116-4 0  9990
2 43557  51.6424 262.1741 0008595  12.7563 347.3632 15.28240591 33474
LEMUR-2-VU              
1 43558U 18046E   19051.73290537  .00001204  00000-0  55052-4 0  9994
2 43558  51.6415 261.8979 0007942  15.8825 344.2402 15.28754522 33514
LEMUR-2-ALEXANDER       
1 43559U 18046F   19052.12354621  .00001996  00000-0  82858-4 0  9996
2 43559  51.6416 260.0060 0007930  17.4481 342.6770 15.28800458 33353
LEMUR-2-YUASA           
1 43560U 18046G   19051.93182752  .00001298  00000-0  58376-4 0  9993
2 43560  51.6411 260.9701 0008449  30.4798 329.6671 15.28748092 33544
LEMUR-2-TOMHENDERSON    
1 43561U 18046H   19051.99431950  .00001464  00000-0  64160-4 0  9990
2 43561  51.6413 260.6388 0008465  30.5096 329.6375 15.28782310 33110
SIRIUSSAT-1             
1 43595U 98067PG  19051.87080126  .00010337  00000-0  14122-3 0  9991
2 43595  51.6364 216.1754 0003360  29.9361 330.1822 15.58090080 29456
SIRIUSSAT-2             
1 43596U 98067PH  19051.88899618  .00010388  00000-0  14269-3 0  9995
2 43596  51.6375 216.3168 0004023  30.8496 329.2732 15.57933887 29456
TANUSHA-3               
1 43597U 98067PJ  19051.90854835  .00013255  00000-0  17513-3 0  9992
2 43597  51.6358 215.6584 0003404  46.1443 313.9831 15.58700066 29469
1998-067PK              
1 43598U 98067PK  19051.84824837  .00012755  00000-0  16866-3 0  9999
2 43598  51.6369 216.0130 0003648  42.2481 317.8793 15.58718896 29452
1998-067PN              
1 43638U 98067PN  19051.83468084  .00006447  00000-0  97171-4 0  9991
2 43638  51.6375 218.1915 0002720  22.7379 337.3732 15.56166058 21342
1998-067PP              
1 43639U 98067PP  19051.86707366  .00008833  00000-0  12745-3 0  9998
2 43639  51.6375 217.6574 0005336  21.4799 338.6416 15.56820274 21368
STARS-ME                
1 43640U 98067PQ  19051.94506487  .00007919  00000-0  11640-3 0  9997
2 43640  51.6376 217.4300 0005502  19.7119 340.4084 15.56481539 21377
PROGRESS-MS 10          
1 43702U 18091A   19051.59989115  .00000734  00000-0  18864-4 0  9993
2 43702  51.6400 220.9444 0005953  48.5175  33.5212 15.53277871 14918
CYGNUS NG-10            
1 43704U 18092A   19052.38098881  .00017702  00000-0  66961-4 0  9999
2 43704  51.6389 215.6508 0011451 286.3497 149.5185 15.87732248 14959
SOYUZ-MS 11             
1 43756U 18098A   19051.59989115  .00000734  00000-0  18864-4 0  9999
2 43756  51.6400 220.9444 0005953  48.5175  33.5212 15.53277871157140
ISS DEB (SEDA-AP)       
1 43870U 98067PU  19051.93932739  .00002794  00000-0  48822-4 0  9993
2 43870  51.6404 218.8841 0004985  55.7793 304.3666 15.54494985  9515
CATSAT-1                
1 44029U 98067PV  19051.76926750  .00006825  00000-0  11038-3 0  9994
2 44029  51.6382 220.0046 0005334  72.5872 287.5702 15.54090319  3221
DELPHINI                
1 44030U 98067PW  19051.83349206  .00008575  00000-0  13664-3 0  9990
2 44030  51.6378 219.6834 0004865  72.2449 287.9073 15.54121985  3209
UNITE                   
1 44031U 98067PX  19051.83357108  .00005693  00000-0  93395-4 0  9999
2 44031  51.6382 219.6836 0003576  70.0745 290.0631 15.54060935  3202
TECHEDSAT 8             
1 44032U 98067PY  19051.95876750  .00016789  00000-0  25646-3 0  9993
2 44032  51.6379 219.0198 0003335  71.2829 288.8523 15.54537248  3204
CATSAT-2                
1 44033U 98067PZ  19051.83328429  .00006269  00000-0  10196-3 0  9992
2 44033  51.6384 219.6822 0005259  73.5997 286.5571 15.54099779  3142
