TDRS 3                  
1 19548U 88091B   19088.35268389 -.00000309  00000-0  00000-0 0  9996
2 19548  14.3639   1.5257 0036732 321.8516 301.2140  1.00274010 98960
HST                     
1 20580U 90037B   19088.22476306  .00000453  00000-0  16690-4 0  9998
2 20580  28.4705  30.6224 0002525 331.4883 172.2369 15.09194674388481
TDRS 5                  
1 21639U 91054B   19088.39063023  .00000075  00000-0  00000-0 0  9994
2 21639  14.6628  14.8038 0025150 348.6126 155.9764  1.00271973101275
TDRS 6                  
1 22314U 93003B   19088.21368870 -.00000303  00000-0  00000-0 0  9995
2 22314  14.2563  17.8647 0006654 347.6891 211.8515  1.00269606 96005
TDRS 7                  
1 23613U 95035B   19088.63245608 -.00000210  00000-0  00000-0 0  9991
2 23613  14.3810   8.5534 0036870  29.7365 100.8638  1.00274454 86811
ISS (ZARYA)             
1 25544U 98067A   19089.55138889  .00002167  00000-0  42293-4 0  9994
2 25544  51.6429  32.1304 0002448 131.8282 202.6721 15.52459091163039
LANDSAT 7               
1 25682U 99020A   19088.55654260  .00000147  00000-0  42386-4 0  9991
2 25682  98.1352 157.8679 0001815 102.7977 257.3426 14.57148949 61305
TERRA                   
1 25994U 99068A   19088.23073781  .00000075  00000-0  26623-4 0  9993
2 25994  98.2078 163.9563 0001190  83.7690 276.3619 14.57111176 25333
TDRS 8                  
1 26388U 00034A   19088.42526722 -.00000243  00000-0  00000+0 0  9999
2 26388   8.5394  50.7034 0016382 294.0796  83.8133  1.00279473 68737
TIMED                   
1 26998U 01055B   19088.48648179  .00000075  00000-0  12220-4 0  9991
2 26998  74.0703 100.9260 0002587 282.2111  77.8780 14.88095142938205
TDRS 9                  
1 27389U 02011A   19088.42449858 -.00000300  00000-0  00000+0 0  9996
2 27389   6.5743  71.6888 0013081 268.1775 305.2805  1.00074277 63991
AQUA                    
1 27424U 02022A   19088.59184028  .00000077  00000-0  27178-4 0  9991
2 27424  98.2113  30.6780 0000936 322.3741  28.1311 14.57103647898930
TDRS 10                 
1 27566U 02055A   19088.60005319  .00000078  00000-0  00000-0 0  9993
2 27566   6.1436  55.5867 0010851 278.3994 257.6419  1.00266422 59798
SORCE                   
1 27651U 03004A   19087.02382659  .00000104  00000-0  25052-4 0  9991
2 27651  39.9957 304.9341 0021143 118.8185 241.4730 14.88973602877520
AURA                    
1 28376U 04026A   19088.59928506  .00000076  00000-0  26985-4 0  9995
2 28376  98.2123  32.8476 0000970  91.0743 269.0566 14.57100557781996
SWIFT                   
1 28485U 04047A   19088.01999249  .00000926  00000-0  33201-4 0  9991
2 28485  20.5565 269.4513 0011171 170.6530 189.4112 15.04334207786179
THEMIS A                
1 30580U 07004A   19088.38267478 -.00000632  00000-0  00000+0 0  9999
2 30580   8.8763 108.0757 8365897 281.6044   5.0691  0.87837590 42788
THEMIS D                
1 30797U 07004D   19088.18634105 -.00000695  00000-0  00000-0 0  9992
2 30797   6.8112  63.0957 8534523 333.4201   0.6399  0.75231921 18390
THEMIS E                
1 30798U 07004E   19088.47242443 -.00000622  00000-0  00000+0 0  9994
2 30798   6.0677  84.7962 8409397 312.0048   2.1102  0.81732906 42940
AIM                     
1 31304U 07015A   19088.57473389  .00000548  00000-0  35090-4 0  9994
2 31304  97.9681 308.1268 0006664  83.0371 277.1617 15.13000902653258
FGRST (GLAST)           
1 33053U 08029A   19088.48228686  .00000516  00000-0  12803-4 0  9993
2 33053  25.5823 257.0983 0012019 245.9523 113.9754 15.11199998595774
WISE                    
1 36119U 09071A   19088.57070685  .00000665  00000-0  25886-4 0  9991
2 36119  97.3821 124.3622 0003421 139.6796 220.4698 15.29489048515634
TDRS 11                 
1 39070U 13004A   19088.59685227  .00000060  00000-0  00000+0 0  9992
2 39070   4.4863 329.3846 0003186  21.8725 235.8668  1.00272709 22543
TDRS 12                 
1 39504U 14004A   19088.38989569 -.00000288  00000-0  00000-0 0  9992
2 39504   5.2155 336.4129 0002027 353.4355 316.1066  1.00269904 17831
GPM-CORE                
1 39574U 14009C   19088.58608557  .00003048  00000-0  48671-4 0  9997
2 39574  65.0066 228.0544 0011476 285.9245  74.0636 15.55453161288686
MMS 1                   
1 40482U 15011A   19082.00247685 -.00000728  00000-0  00000+0 0  9995
2 40482   7.1640 111.3495 9110063  18.4730  17.5233  0.28571805  9922
MMS 2                   
1 40483U 15011B   19082.00255787 -.00000729  00000-0  00000+0 0  9999
2 40483   7.1660 111.3620 9109263  18.4671  17.5304  0.28566425  9908
MMS 3                   
1 40484U 15011C   19081.84473774 -.00000703  00000-0  00000+0 0  9991
2 40484   7.1553 111.3526 9109203  18.4521   1.3172  0.28573355  9907
MMS 4                   
1 40485U 15011D   19082.00627315 -.00000729  00000-0  00000+0 0  9991
2 40485   7.1670 111.3552 9109771  18.4704  17.9298  0.28566477  9897
TDRS 13                 
1 42915U 17047A   19088.40520295 -.00000119  00000-0  00000+0 0  9994
2 42915   6.2407 330.6304 0015481  74.2322 276.0112  1.00272763  5934
JPSS-1                  
1 43013U 17073A   19088.54065880 -.00000009  00000-0  16357-4 0  9997
2 43013  98.7142  27.9589 0001265 104.1981 255.9336 14.19551215 70398
