DMSP 5D-2 F14 (USA 131) 
1 24753U 97012A   19051.93289331  .00000006  00000-0  26542-4 0  9993
2 24753  99.0321  57.2345 0009508 129.0985 231.1035 14.15822740129932
NOAA 15                 
1 25338U 98030A   19051.95067402  .00000003  00000-0  20137-4 0  9990
2 25338  98.7568  73.3693 0009829 220.6490 139.3957 14.25895477 80218
DMSP 5D-3 F15 (USA 147) 
1 25991U 99067A   19051.93287396 -.00000107  00000-0 -30976-4 0  9999
2 25991  98.9022  16.4428 0010577  37.8833  30.6947 14.16537765992100
METEOSAT-8 (MSG-1)      
1 27509U 02040B   19051.79922163  .00000119  00000-0  00000-0 0  9995
2 27509   5.8909  56.0459 0002051 309.1478 114.2981  1.00273625 60452
DMSP 5D-3 F16 (USA 172) 
1 28054U 03048A   19051.96331976 -.00000099  00000-0 -29310-4 0  9993
2 28054  98.8523  29.2852 0007926 145.5152 291.3541 14.13699445791616
NOAA 18                 
1 28654U 05018A   19051.90051436  .00000072  00000-0  63995-4 0  9998
2 28654  99.1137  97.0084 0014927 146.3731 213.8391 14.12405241708795
METEOSAT-9 (MSG-2)      
1 28912U 05049B   19051.86795449 -.00000003  00000-0  00000-0 0  9992
2 28912   3.4248  71.4819 0000802 307.7958  87.1627  1.00265468 48234
HIMAWARI-7 (MTSAT-2)    
1 28937U 06004A   19051.89615127 -.00000265  00000-0  00000-0 0  9998
2 28937   0.0786 287.6002 0003418  48.9064 281.6189  1.00272075 47677
FORMOSAT-3 FM6          
1 29047U 06011A   19052.19792729 -.00000022  00000-0  74961-5 0  9990
2 29047  71.9802  14.2252 0050445 176.2797 183.8725 14.28665387672463
FORMOSAT-3 FM1          
1 29048U 06011B   19051.92300539  .00000039  00000-0  31540-4 0  9997
2 29048  71.9661 286.2633 0042662 132.7551 227.7188 14.28614428674898
FORMOSAT-3 FM5          
1 29049U 06011C   19051.53150421  .00000074  00000-0  45632-4 0  9994
2 29049  72.0195  95.9760 0034529 166.5074 193.6994 14.28697848670627
FORMOSAT-3 FM3          
1 29050U 06011D   19051.94918640  .00000126  00000-0  36876-4 0  9994
2 29050  72.0154 290.4723 0048477 123.0970 237.4850 14.58765083685966
FORMOSAT-3 FM4          
1 29051U 06011E   19051.96134667  .00000038  00000-0  30550-4 0  9991
2 29051  72.0074 358.0619 0066891  37.8697 322.7117 14.28724122673272
FORMOSAT-3 FM2          
1 29052U 06011F   19052.20463922  .00000044  00000-0  33344-4 0  9990
2 29052  72.0335  70.3338 0038363 124.3288 236.1489 14.28823177671634
GOES 13                 
1 29155U 06018A   19051.85521806 -.00000305  00000-0  00000-0 0  9997
2 29155   0.3964 100.8322 0008890 314.5171 342.5682  1.00258902 16564
METOP-A                 
1 29499U 06044A   19051.91164352 -.00000004  00000-0  17735-4 0  9996
2 29499  98.5922 108.3474 0001244 144.8901 199.4608 14.21542585640144
DMSP 5D-3 F17 (USA 191) 
1 29522U 06050A   19051.97032978  .00000010  00000-0  28169-4 0  9993
2 29522  98.8274  69.9567 0011177 108.5913 251.6475 14.14001152634525
FENGYUN 3A              
1 32958U 08026A   19052.07368730  .00000008  00000-0  23036-4 0  9990
2 32958  98.3791  58.7117 0008718 302.0548  57.9785 14.19731825556436
FENGYUN 2E              
1 33463U 08066A   19049.52239980 -.00000220  00000-0  00000+0 0  9994
2 33463   3.3575  69.2651 0004496 256.5138  97.2183  1.00275626 37252
NOAA 19                 
1 33591U 09005A   19051.94768065  .00000028  00000-0  40541-4 0  9994
2 33591  99.1714  40.2738 0013849 352.9179   7.1794 14.12335284517025
GOES 14                 
1 35491U 09033A   19051.63122701 -.00000115  00000-0  00000-0 0  9993
2 35491   0.0175 119.4649 0009191 124.9654  28.7561  1.00270443 35314
METEOR-M 1              
1 35865U 09049A   19052.03690069  .00000011  00000-0  23746-4 0  9997
2 35865  98.4098  55.5770 0002997 137.1459 222.9953 14.22184726489351
DMSP 5D-3 F18 (USA 210) 
1 35951U 09057A   19051.96333052  .00000018  00000-0  32218-4 0  9990
2 35951  98.6174  53.9977 0010224 309.9445  50.0829 14.13175259255535
GOES 15                 
1 36411U 10008A   19051.62642903  .00000034  00000-0  00000-0 0  9999
2 36411   0.0517 282.5952 0002907 347.3987 337.5065  1.00266359 32862
COMS 1                  
1 36744U 10032A   19051.89283631 -.00000367  00000-0  00000-0 0  9993
2 36744   0.0121 152.2900 0000685 206.6586 241.1245  1.00270304 24283
FENGYUN 3B              
1 37214U 10059A   19052.06403801  .00000012  00000-0  29054-4 0  9998
2 37214  98.9842  23.0164 0016596 191.4795 168.5999 14.15907438429417
SUOMI NPP               
1 37849U 11061A   19052.34658394 -.00000162  00000-0 -55978-4 0  9998
2 37849  98.7239 352.1832 0000909 122.5027 237.6265 14.19556971379224
FENGYUN 2F              
1 38049U 12002A   19051.88943410 -.00000378  00000-0  00000-0 0  9991
2 38049   0.9859  80.2680 0000961  27.1406 115.0403  1.00262839 26088
METEOSAT-10 (MSG-3)     
1 38552U 12035B   19051.86908856  .00000038  00000-0  00000-0 0  9991
2 38552   0.9894  10.0499 0000664   9.0136  93.4975  1.00267997 24085
METOP-B                 
1 38771U 12049A   19052.18732984 -.00000005  00000-0  17870-4 0  9994
2 38771  98.7203 113.0655 0000353  31.1922  34.3288 14.21481480333502
FENGYUN 3C              
1 39260U 13052A   19052.10247697 -.00000019  00000-0  11860-4 0  9995
2 39260  98.6207 114.9059 0011385 155.4401 204.7324 14.15860909280365
METEOR-M 2              
1 40069U 14037A   19051.74966899 -.00000043  00000-0 -90658-7 0  9992
2 40069  98.5693 100.7894 0004431 236.1220 123.9538 14.20658732239674
HIMAWARI-8              
1 40267U 14060A   19051.89536615 -.00000298  00000-0  00000-0 0  9999
2 40267   0.0144 108.8029 0000815 237.3293 267.3863  1.00271473 15951
FENGYUN 2G              
1 40367U 14090A   19051.88716597 -.00000325  00000-0  00000-0 0  9992
2 40367   0.9688 104.1894 0002455 288.9859 176.4776  1.00272069 15231
METEOSAT-11 (MSG-4)     
1 40732U 15034A   19051.86734384 -.00000025  00000-0  00000-0 0  9996
2 40732   0.9528 226.5986 0001193  76.6868 159.5946  1.00264643 13239
ELEKTRO-L 2             
1 41105U 15074A   19052.16963593 -.00000119  00000-0  00000+0 0  9998
2 41105   0.1012 144.6620 0001568 215.9399 287.2918  1.00271347 11710
HIMAWARI-9              
1 41836U 16064A   19051.89536615 -.00000298  00000-0  00000-0 0  9998
2 41836   0.0345 299.0481 0000995  73.2996 241.2344  1.00269474  8380
GOES 16                 
1 41866U 16071A   19052.24110573 -.00000271  00000-0  00000+0 0  9990
2 41866   0.0465 279.3835 0000788  87.3668 155.6857  1.00271253  8309
FENGYUN 4A              
1 41882U 16077A   19052.23990106 -.00000353  00000-0  00000+0 0  9992
2 41882   0.0896  87.1694 0003974  17.0590 237.6251  1.00274676  8173
CYGFM05                 
1 41884U 16078A   19051.74048585  .00000313  00000-0  18480-4 0  9996
2 41884  34.9556 177.7198 0015422  53.6752 306.5381 15.14311348120887
CYGFM04                 
1 41885U 16078B   19051.67528435  .00000337  00000-0  19452-4 0  9992
2 41885  34.9489 173.9167 0013728  58.7301 301.4753 15.14817606120919
CYGFM02                 
1 41886U 16078C   19051.66840475  .00000329  00000-0  19050-4 0  9998
2 41886  34.9580 175.3614 0014508  56.0532 304.1557 15.14816493120903
CYGFM01                 
1 41887U 16078D   19051.71625902  .00000287  00000-0  17185-4 0  9991
2 41887  34.9524 178.2763 0015850  54.8993 305.3202 15.14130924120871
CYGFM08                 
1 41888U 16078E   19051.77331922  .00000309  00000-0  18132-4 0  9992
2 41888  34.9494 175.7116 0014974  59.0568 301.1613 15.14536459120898
CYGFM06                 
1 41889U 16078F   19051.71051063  .00000315  00000-0  18331-4 0  9990
2 41889  34.9575 173.7695 0013434  56.1838 304.0151 15.14809312120910
CYGFM07                 
1 41890U 16078G   19051.75483599  .00000310  00000-0  18057-4 0  9999
2 41890  34.9514 172.8129 0013171  58.8722 301.3279 15.14809886120924
CYGFM03                 
1 41891U 16078H   19051.68378260  .00000322  00000-0  18670-4 0  9994
2 41891  34.9546 173.3735 0012675  57.3401 302.8531 15.14810321120917
FENGYUN 3D              
1 43010U 17072A   19052.10290965 -.00000029  00000-0  70215-5 0  9996
2 43010  98.7030 353.2968 0002359  50.5214 309.6174 14.19714504 65758
NOAA 20                 
1 43013U 17073A   19051.95909268 -.00000007  00000-0  17703-4 0  9993
2 43013  98.7517 351.9060 0000679  88.4217 271.7036 14.19539640 65207
GOES 17                 
1 43226U 18022A   19051.69607068  .00000075  00000-0  00000-0 0  9990
2 43226   0.0243  69.5300 0003714 301.5107 252.6500  1.00273361  3605
FENGYUN 2H              
1 43491U 18050A   19051.95486104 -.00000150  00000-0  00000+0 0  9994
2 43491   1.7764 283.3110 0002149 262.8488  27.2797  1.00272921  2707
METOP-C                 
1 43689U 18087A   19051.79897723 -.00000044  00000-0  00000+0 0  9990
2 43689  98.7200 112.9693 0001909 326.6607  33.4450 14.21479193 15026
GEO-KOMPSAT-2A          
1 43823U 18100A   19051.89283631 -.00000367  00000-0  00000-0 0  9993
2 43823   0.0044 170.0880 0001815 227.6221 202.4703  1.00269626   810
