APRIZESAT 2             
1 28366U 04025A   19051.72551756  .00000004  00000-0  15229-4 0  9997
2 28366  98.3121 315.6075 0108065  14.4523 345.9713 14.36666414767684
SAUDICOMSAT 1           
1 28369U 04025D   19051.81724896  .00000027  00000-0  17911-4 0  9992
2 28369  98.2769   2.4279 0032482 296.7727  63.0147 14.52477301775806
SAUDICOMSAT 2           
1 28370U 04025E   19051.82691841  .00000056  00000-0  26987-4 0  9993
2 28370  98.3748 357.8715 0059102  82.7148 278.0757 14.47414521773202
APRIZESAT 1             
1 28372U 04025G   19051.81057425  .00000001  00000-0  12136-4 0  9999
2 28372  98.3325 359.6906 0046768  14.7955 345.4595 14.49577577774418
NANOSAT-1               
1 28493U 04049B   19052.21884252  .00000045  00000-0  14861-4 0  9995
2 28493  98.1431 136.0092 0004262 188.0190 172.0951 14.73479684761345
SAUDICOMSAT 7           
1 31119U 07012C   19051.86294605  .00000018  00000-0  13211-4 0  9992
2 31119  98.0363   4.4430 0058881 293.2399  66.2610 14.61709223631554
SAUDICOMSAT 6           
1 31121U 07012E   19051.82748778  .00000051  00000-0  20642-4 0  9999
2 31121  98.0962 358.3711 0076963  11.0171 349.2691 14.58509423630244
SAUDICOMSAT 5           
1 31124U 07012H   19052.11040199  .00000024  00000-0  13810-4 0  9996
2 31124  97.9985   8.0911 0050345 251.8671 107.7045 14.63408592632339
SAUDICOMSAT 3           
1 31125U 07012J   19051.85469387  .00000036  00000-0  15543-4 0  9999
2 31125  97.9582  11.4815 0042516 212.7728 147.0837 14.65147776632932
SAUDICOMSAT 4           
1 31127U 07012L   19051.86779701  .00000041  00000-0  18213-4 0  9999
2 31127  98.0663   1.7703 0067477 330.1815  29.5547 14.60222463630964
APRIZESAT 4             
1 35684U 09041D   19051.87368198  .00000029  00000-0  11568-4 0  9992
2 35684  98.2103  13.5732 0045932 283.3082  76.3009 14.79185873515796
APRIZESAT 3             
1 35686U 09041F   19051.63088488  .00000050  00000-0  12206-4 0  9993
2 35686  98.2498  86.6627 0073067 179.0442 181.0926 14.87276620518368
AISSAT 1                
1 36797U 10035C   19051.94698841  .00000148  00000-0  23362-4 0  9999
2 36797  98.1020 184.5939 0011909 149.5968 210.5940 14.86136006466322
S-NET D                 
1 43186U 18014G   19051.81988170  .00000538  00000-0  52337-4 0  9994
2 43186  97.7164 321.9432 0012067  46.2337 313.9881 14.96581548 57504
S-NET B                 
1 43187U 18014H   19051.81970977  .00000533  00000-0  51896-4 0  9995
2 43187  97.7163 321.9343 0012071  46.1155 314.1061 14.96581371 57504
S-NET A                 
1 43188U 18014J   19052.22066298  .00000560  00000-0  54228-4 0  9996
2 43188  97.7165 322.3425 0012049  45.1036 315.1162 14.96582385 57560
S-NET C                 
1 43189U 18014K   19052.22096198  .00000581  00000-0  56063-4 0  9991
2 43189  97.7163 322.3280 0012058  45.0151 315.2046 14.96581540 56119
